100	   0.000	243437817695701.96875000	      0.00000000
200	   0.000	   2139.22295955	      1.83673977
300	   0.000	      2.06772667	      2.06772667
400	   0.000	      1.64792479	      1.16572285
500	   0.000	      1.54780123	      1.24844041
600	   0.000	      1.36745635	      1.13726811
700	   0.000	      1.20706308	      1.07121914
800	   0.000	      1.13086160	      0.91713395
900	   0.000	      1.01891714	      0.83075096
1000	   0.000	      0.95619673	      0.83846959
1100	   0.000	      0.85889289	      0.77925128
1200	   0.000	      0.81091638	      0.81091638
1300	   0.000	      0.82465380	      0.74499470
1400	   0.000	      0.83124096	      0.75438074
1500	   0.000	      0.76921373	      0.76921373
1600	   0.000	      0.76492597	      0.69070808
1700	   0.000	      0.72117452	      0.67387296
1800	   0.000	      0.71288216	      0.71288216
1900	   0.000	      0.67345439	      0.67345439
2000	   0.000	      0.69839720	      0.65451186
2100	   0.000	      0.69795548	      0.63248783
2200	   0.000	      0.66009128	      0.64068367
2300	   0.000	      0.66710668	      0.61862066
2400	   0.000	      0.65579374	      0.60741650
2500	   0.000	      0.64189532	      0.61652080
2600	   0.000	      0.64780575	      0.60851082
2700	   0.000	      0.62616975	      0.62616975
2800	   0.000	      0.62692735	      0.62692735
2900	   0.000	      0.62183816	      0.60998974
3000	   0.000	      0.61514426	      0.61514426
3100	   0.000	      0.62296551	      0.62296551
3200	   0.000	      0.60093824	      0.60093824
3300	   0.000	      0.60293144	      0.60293144
3400	   0.000	      0.59138974	      0.59138974
3500	   0.000	      0.58680467	      0.58680467
3600	   0.000	      0.56971292	      0.56971292
3700	   0.000	      0.55131133	      0.55131133
3800	   0.000	      0.56497753	      0.56497753
3900	   0.000	      0.56002080	      0.56002080
4000	   0.000	      0.56481194	      0.56481194
4100	   0.000	      0.54769519	      0.54769519
4200	   0.000	      0.54992121	      0.52285841
4300	   0.000	      0.54171228	      0.53467044
4400	   0.000	      0.55693995	      0.54149197
4500	   0.000	      0.54016656	      0.54016656
4600	   0.000	      0.53961819	      0.53961819
4700	   0.000	      0.53165199	      0.53165199
4800	   0.000	      0.53567172	      0.51959684
4900	   0.000	      0.53558987	      0.52512783
5000	   0.000	      0.52856540	      0.52292503
5100	   0.000	      0.53461368	      0.52651522
5200	   0.000	      0.54523864	      0.52432300
5300	   0.000	      0.53602051	      0.53602051
5400	   0.000	      0.53318245	      0.53318245
5500	   0.000	      0.53148596	      0.53148596
5600	   0.000	      0.53092236	      0.53092236
5700	   0.000	      0.53194216	      0.53194216
5800	   0.000	      0.53132804	      0.53132804
5900	   0.000	      0.52667900	      0.52667900
6000	   0.000	      0.52386865	      0.52386865
6100	   0.000	      0.52897451	      0.51272154
6200	   0.000	      0.51626948	      0.50081714
6300	   0.000	      0.50862059	      0.48879552
6400	   0.000	      0.50796744	      0.48292025
6500	   0.000	      0.50755771	      0.49012229
6600	   0.000	      0.50712274	      0.49485761
6700	   0.000	      0.51175866	      0.48860553
6800	   0.000	      0.51373104	      0.49222642
6900	   0.000	      0.51239116	      0.49425864
7000	   0.000	      0.50480548	      0.49118745
7100	   0.000	      0.50026109	      0.49370898
7200	   0.000	      0.49387590	      0.49387590
7300	   0.000	      0.49834642	      0.48516238
7400	   0.000	      0.49968675	      0.47478630
7500	   0.000	      0.47789889	      0.47743313
7600	   0.000	      0.48357616	      0.48357616
7700	   0.000	      0.48113275	      0.48113275
7800	   0.000	      0.48138922	      0.48138922
7900	   0.000	      0.48100814	      0.48100814
8000	   0.000	      0.48634510	      0.48634510
8100	   0.000	      0.48920261	      0.48920261
8200	   0.000	      0.48506861	      0.48506861
8300	   0.000	      0.47702657	      0.47702657
8400	   0.000	      0.47731738	      0.47731738
8500	   0.000	      0.47658262	      0.47352707
8600	   0.000	      0.48568633	      0.46407009
8700	   0.000	      0.49040875	      0.46121161
8800	   0.000	      0.48222840	      0.48222840
8900	   0.000	      0.48383503	      0.48383503
9000	   0.000	      0.48924641	      0.47033599
9100	   0.000	      0.49225506	      0.47988296
9200	   0.000	      0.48423365	      0.46705602
9300	   0.000	      0.48796812	      0.47638349
9400	   0.000	      0.48535046	      0.47636956
9500	   0.000	      0.47704248	      0.47704248
9600	   0.000	      0.48375358	      0.46951374
9700	   0.000	      0.48343892	      0.45970782
9800	   0.000	      0.47857119	      0.46160417
9900	   0.000	      0.47209161	      0.46235065
10000	   0.000	      0.46885268	      0.46269413
10100	   0.000	      0.46888788	      0.46888788
10200	   0.000	      0.46664535	      0.46664535
10300	   0.000	      0.46810595	      0.46810595
10400	   0.000	      0.46816382	      0.46816382
10500	   0.000	      0.46902646	      0.46902646
10600	   0.000	      0.46572920	      0.46572920
10700	   0.000	      0.46134439	      0.46134439
10800	   0.000	      0.46303925	      0.46303925
10900	   0.000	      0.46402598	      0.46402598
11000	   0.000	      0.46208210	      0.46208210
11100	   0.000	      0.45858279	      0.45858279
11200	   0.000	      0.44496196	      0.44496196
11300	   0.000	      0.44614572	      0.44432582
11400	   0.000	      0.45058300	      0.45058300
11500	   0.000	      0.44751188	      0.44751188
11600	   0.000	      0.44388293	      0.44134415
11700	   0.000	      0.45772773	      0.44431530
11800	   0.000	      0.45976656	      0.44337334
11900	   0.000	      0.45600932	      0.44926338
12000	   0.000	      0.45531158	      0.45328962
12100	   0.000	      0.45549572	      0.45549572
12200	   0.000	      0.45519448	      0.45519448
12300	   0.000	      0.45054700	      0.45054700
12400	   0.000	      0.45179120	      0.45179120
12500	   0.000	      0.44827464	      0.44827464
12600	   0.000	      0.45448720	      0.45448720
12700	   0.000	      0.44952604	      0.44952604
12800	   0.000	      0.44984334	      0.44984334
12900	   0.000	      0.45055152	      0.45055152
13000	   0.000	      0.44976399	      0.44976399
13100	   0.000	      0.45159139	      0.45159139
13200	   0.000	      0.45061138	      0.45061138
13300	   0.000	      0.45086327	      0.45086327
13400	   0.000	      0.44654706	      0.44654706
13500	   0.000	      0.44898523	      0.44898523
13600	   0.000	      0.45165597	      0.45165597
13700	   0.000	      0.45226424	      0.45226424
13800	   0.000	      0.45399586	      0.45399586
13900	   0.000	      0.45237632	      0.45237632
14000	   0.000	      0.45482282	      0.45482282
14100	   0.000	      0.45346029	      0.45346029
14200	   0.000	      0.45489508	      0.45489508
14300	   0.000	      0.45468083	      0.45468083
14400	   0.000	      0.45425575	      0.45425575
14500	   0.000	      0.45135166	      0.45135166
14600	   0.000	      0.44852896	      0.44852896
14700	   0.000	      0.45257532	      0.45257532
14800	   0.000	      0.45336767	      0.45336767
14900	   0.000	      0.45019612	      0.45019612
15000	   0.000	      0.45136288	      0.45136288
15100	   0.000	      0.44717676	      0.44717676
15200	   0.000	      0.44817071	      0.44817071
15300	   0.000	      0.44430668	      0.44430668
15400	   0.000	      0.44369566	      0.44369566
15500	   0.000	      0.44203540	      0.44203540
15600	   0.000	      0.44160221	      0.44160221
15700	   0.000	      0.44369000	      0.44369000
15800	   0.000	      0.44423632	      0.44423632
15900	   0.000	      0.44312963	      0.44312963
16000	   0.000	      0.43964429	      0.43964429
16100	   0.000	      0.44511996	      0.44511996
16200	   0.000	      0.44452736	      0.44452736
16300	   0.000	      0.44421414	      0.44421414
16400	   0.000	      0.44074909	      0.44074909
16500	   0.000	      0.44410271	      0.44410271
16600	   0.000	      0.44323300	      0.44323300
16700	   0.000	      0.44100940	      0.44100940
16800	   0.000	      0.44058317	      0.44058317
16900	   0.000	      0.44093510	      0.44093510
17000	   0.000	      0.43870948	      0.43870948
17100	   0.000	      0.43901852	      0.43901852
17200	   0.000	      0.44494498	      0.44494498
17300	   0.000	      0.44643698	      0.44643698
17400	   0.000	      0.44453398	      0.44453398
17500	   0.000	      0.44634382	      0.44634382
17600	   0.000	      0.44455372	      0.44455372
17700	   0.000	      0.44453229	      0.44453229
17800	   0.000	      0.44201422	      0.44201422
17900	   0.000	      0.44388867	      0.44388867
18000	   0.000	      0.44396567	      0.44396567
18100	   0.000	      0.44382101	      0.44382101
18200	   0.000	      0.44321424	      0.44321424
18300	   0.000	      0.44050879	      0.44050879
18400	   0.000	      0.44215721	      0.44215721
18500	   0.000	      0.44157602	      0.44157602
18600	   0.000	      0.44265933	      0.44265933
18700	   0.000	      0.44089522	      0.44089522
18800	   0.000	      0.43890241	      0.43890241
18900	   0.000	      0.43808916	      0.43808916
19000	   0.000	      0.44013528	      0.44013528
19100	   0.000	      0.44068028	      0.44068028
19200	   0.000	      0.44151453	      0.44151453
19300	   0.000	      0.44168872	      0.44168872
19400	   0.000	      0.44236620	      0.44236620
19500	   0.000	      0.44211453	      0.44211453
19600	   0.000	      0.44293385	      0.44293385
19700	   0.000	      0.44341188	      0.44341188
19800	   0.000	      0.44285390	      0.44285390
19900	   0.000	      0.44400798	      0.44400798
20000	   0.000	      0.44233170	      0.44233170
20100	   0.000	      0.44349365	      0.44349365
20200	   0.000	      0.44211717	      0.44211717
20300	   0.000	      0.44020241	      0.44020241
20400	   0.000	      0.43889791	      0.43889791
20500	   0.000	      0.43713748	      0.43713748
20600	   0.000	      0.43716914	      0.43716914
20700	   0.000	      0.43773069	      0.43773069
20800	   0.000	      0.43737359	      0.43737359
20900	   0.000	      0.43573270	      0.43573270
21000	   0.000	      0.43479364	      0.43479364
21100	   0.000	      0.43520507	      0.43520507
21200	   0.000	      0.43449035	      0.43449035
21300	   0.000	      0.43436349	      0.43436349
21400	   0.000	      0.43344611	      0.43344611
21500	   0.000	      0.43281352	      0.43281352
21600	   0.000	      0.43315014	      0.43315014
21700	   0.000	      0.43116983	      0.43116983
21800	   0.000	      0.42894749	      0.42894749
21900	   0.000	      0.42766028	      0.42766028
22000	   0.000	      0.42732010	      0.42732010
22100	   0.000	      0.42640839	      0.42640839
22200	   0.000	      0.42794878	      0.42794878
22300	   0.000	      0.42837859	      0.42837859
22400	   0.000	      0.42381101	      0.42381101
22500	   0.000	      0.42277572	      0.42277572
22600	   0.000	      0.42479143	      0.42479143
22700	   0.000	      0.42478370	      0.42478370
22800	   0.000	      0.42509928	      0.42509928
22900	   0.000	      0.42603092	      0.42603092
23000	   0.000	      0.42625809	      0.42625809
23100	   0.000	      0.42544412	      0.42544412
23200	   0.000	      0.42453290	      0.42453290
23300	   0.000	      0.42397143	      0.42397143
23400	   0.000	      0.42289512	      0.42289512
23500	   0.000	      0.42008405	      0.42008405
23600	   0.000	      0.41998606	      0.41998606
23700	   0.000	      0.41726818	      0.41726818
23800	   0.000	      0.41762913	      0.41762913
23900	   0.000	      0.41853450	      0.41853450
24000	   0.000	      0.41751395	      0.41751395
24100	   0.000	      0.42035089	      0.42035089
24200	   0.000	      0.42242890	      0.42242890
24300	   0.000	      0.41947119	      0.41947119
24400	   0.000	      0.41767629	      0.41767629
24500	   0.000	      0.41582968	      0.41582968
24600	   0.000	      0.41735467	      0.41735467
24700	   0.000	      0.41569378	      0.41569378
24800	   0.000	      0.41752775	      0.41752775
24900	   0.000	      0.41612249	      0.41612249
25000	   0.000	      0.41576554	      0.41576554
25100	   0.000	      0.41294452	      0.41294452
25200	   0.000	      0.41016934	      0.40828430
25300	   0.000	      0.41087879	      0.41087879
25400	   0.000	      0.40920517	      0.40920517
25500	   0.000	      0.40808949	      0.40808949
25600	   0.000	      0.40936337	      0.40936337
25700	   0.000	      0.40942270	      0.40942270
25800	   0.000	      0.40936904	      0.40936904
25900	   0.000	      0.40755949	      0.40692762
26000	   0.000	      0.40804108	      0.40850720
26100	   0.000	      0.40735887	      0.40683910
26200	   0.000	      0.40593678	      0.40641650
26300	   0.000	      0.40565209	      0.40382223
26400	   0.000	      0.40611151	      0.40340942
26500	   0.000	      0.40595689	      0.40564058
26600	   0.000	      0.40814367	      0.40485790
26700	   0.000	      0.40794369	      0.40535808
26800	   0.000	      0.40907346	      0.40411019
26900	   0.000	      0.40673176	      0.40364924
27000	   0.000	      0.40865069	      0.40278998
27100	   0.000	      0.40626806	      0.40346013
27200	   0.000	      0.40505051	      0.39727755
27300	   0.000	      0.40226530	      0.40226530
27400	   0.000	      0.40344063	      0.40344063
27500	   0.000	      0.40546403	      0.40546403
27600	   0.000	      0.40631490	      0.40631490
27700	   0.000	      0.40844438	      0.39555454
27800	   0.000	      0.40781517	      0.40781517
27900	   0.000	      0.40818931	      0.40818931
28000	   0.000	      0.40994069	      0.40994069
28100	   0.000	      0.40766474	      0.40766474
28200	   0.000	      0.41028883	      0.39997906
28300	   0.000	      0.40727483	      0.40727483
28400	   0.000	      0.40467748	      0.40467748
28500	   0.000	      0.40647511	      0.40647511
28600	   0.000	      0.41235970	      0.38780284
28700	   0.000	      0.41113992	      0.39208569
28800	   0.000	      0.41035888	      0.39068343
28900	   0.000	      0.41227199	      0.38926955
29000	   0.000	      0.41320748	      0.39315122
29100	   0.000	      0.40967498	      0.38948952
29200	   0.000	      0.40788934	      0.40103231
29300	   0.000	      0.40290738	      0.40290738
29400	   0.000	      0.40139095	      0.40139095
29500	   0.000	      0.40152505	      0.40152505
29600	   0.000	      0.40132840	      0.40132840
29700	   0.000	      0.40010091	      0.40010091
29800	   0.000	      0.39640904	      0.39640904
29900	   0.000	      0.39226991	      0.39048334
30000	   0.000	      0.39410039	      0.39410039
30100	   0.000	      0.39765185	      0.39765185
30200	   0.000	      0.39633601	      0.39633601
30300	   0.000	      0.39291630	      0.39291630
30400	   0.000	      0.39330622	      0.39330622
30500	   0.000	      0.39467005	      0.39467005
30600	   0.000	      0.39416978	      0.39416978
30700	   0.000	      0.39759559	      0.38463865
30800	   0.000	      0.39869803	      0.38385503
30900	   0.000	      0.39390964	      0.39390964
31000	   0.000	      0.39165797	      0.39165797
31100	   0.000	      0.39218562	      0.39218562
31200	   0.000	      0.39439256	      0.38962591
31300	   0.000	      0.39863407	      0.39310656
31400	   0.000	      0.39589722	      0.39589722
31500	   0.000	      0.39529057	      0.39529057
31600	   0.000	      0.39521376	      0.39521376
31700	   0.000	      0.39488654	      0.39488654
31800	   0.000	      0.39641922	      0.38939706
31900	   0.000	      0.39172165	      0.39172165
32000	   0.000	      0.39226520	      0.39226520
32100	   0.000	      0.39505209	      0.39505209
32200	   0.000	      0.39259202	      0.39259202
32300	   0.000	      0.39071141	      0.39071141
32400	   0.000	      0.39005957	      0.39005957
32500	   0.000	      0.38914971	      0.38914971
32600	   0.000	      0.39053789	      0.39053789
32700	   0.000	      0.39288399	      0.39288399
32800	   0.000	      0.39786568	      0.38323288
32900	   0.000	      0.39825943	      0.38507486
33000	   0.000	      0.40032502	      0.38386073
33100	   0.000	      0.40010299	      0.38984893
33200	   0.000	      0.39861398	      0.38768257
33300	   0.000	      0.39566864	      0.38950650
33400	   0.000	      0.39420840	      0.39420840
33500	   0.000	      0.39485840	      0.39485840
33600	   0.000	      0.39602374	      0.39602374
33700	   0.000	      0.39551672	      0.39551672
33800	   0.000	      0.39632445	      0.39632445
33900	   0.000	      0.39854567	      0.39147175
34000	   0.000	      0.39579820	      0.39579820
34100	   0.000	      0.39571062	      0.39571062
34200	   0.000	      0.39508321	      0.39508321
34300	   0.000	      0.39559495	      0.39559495
34400	   0.000	      0.39702378	      0.39432013
34500	   0.000	      0.39598231	      0.39598231
34600	   0.000	      0.39633709	      0.39633709
34700	   0.000	      0.39529510	      0.39529510
34800	   0.000	      0.39526601	      0.39526601
34900	   0.000	      0.39519459	      0.39519459
35000	   0.000	      0.39270853	      0.39270853
35100	   0.000	      0.39259707	      0.39259707
35200	   0.000	      0.39129343	      0.39129343
35300	   0.000	      0.39161774	      0.39161774
35400	   0.000	      0.39145825	      0.39145825
35500	   0.000	      0.39071885	      0.39071885
35600	   0.000	      0.39147760	      0.39147760
35700	   0.000	      0.39243175	      0.39243175
35800	   0.000	      0.39183076	      0.39183076
35900	   0.000	      0.39113352	      0.39113352
36000	   0.000	      0.39020917	      0.39020917
36100	   0.000	      0.39085015	      0.39085015
36200	   0.000	      0.39265115	      0.39265115
36300	   0.000	      0.39247358	      0.39247358
36400	   0.000	      0.39194081	      0.39194081
36500	   0.000	      0.39108812	      0.39108812
36600	   0.000	      0.39072257	      0.39072257
36700	   0.000	      0.38863726	      0.38863726
36800	   0.000	      0.38806531	      0.38806531
36900	   0.000	      0.38391771	      0.38391771
37000	   0.000	      0.38791115	      0.38791115
37100	   0.000	      0.38895283	      0.38895283
37200	   0.000	      0.39027279	      0.39027279
37300	   0.000	      0.38995550	      0.38995550
37400	   0.000	      0.39025590	      0.39025590
37500	   0.000	      0.39158412	      0.39158412
37600	   0.000	      0.39165113	      0.39165113
37700	   0.000	      0.39135315	      0.39135315
37800	   0.000	      0.39177707	      0.39177707
37900	   0.000	      0.39174002	      0.39174002
38000	   0.000	      0.39286023	      0.39286023
38100	   0.000	      0.39252747	      0.39252747
38200	   0.000	      0.39144385	      0.39144385
38300	   0.000	      0.39067769	      0.39067769
38400	   0.000	      0.39107545	      0.39107545
38500	   0.000	      0.38991393	      0.38991393
38600	   0.000	      0.39005024	      0.39005024
38700	   0.000	      0.38925535	      0.38925535
38800	   0.000	      0.38832184	      0.38832184
38900	   0.000	      0.38712208	      0.38712208
39000	   0.000	      0.38749110	      0.38749110
39100	   0.000	      0.38785393	      0.38785393
39200	   0.000	      0.38739298	      0.38739298
39300	   0.000	      0.38783380	      0.38783380
39400	   0.000	      0.38833468	      0.38833468
39500	   0.000	      0.38923482	      0.38923482
39600	   0.000	      0.38802811	      0.38802811
39700	   0.000	      0.38869252	      0.38869252
39800	   0.000	      0.38760654	      0.38760654
39900	   0.000	      0.38512529	      0.38512529
40000	   0.000	      0.38406685	      0.38406685
40100	   0.000	      0.38296505	      0.38296505
40200	   0.000	      0.38444808	      0.38444808
40300	   0.000	      0.38537166	      0.38537166
40400	   0.000	      0.38630879	      0.38630879
40500	   0.000	      0.38777183	      0.38777183
40600	   0.000	      0.38841604	      0.38841604
40700	   0.000	      0.38814053	      0.38814053
40800	   0.000	      0.38896005	      0.38896005
40900	   0.000	      0.38801443	      0.38801443
41000	   0.000	      0.38851078	      0.38851078
41100	   0.000	      0.38772837	      0.38772837
41200	   0.000	      0.38676127	      0.38676127
41300	   0.000	      0.38673525	      0.38673525
41400	   0.000	      0.38628808	      0.38628808
41500	   0.000	      0.38713308	      0.38713308
41600	   0.000	      0.38607653	      0.38607653
41700	   0.000	      0.38474193	      0.38474193
41800	   0.000	      0.38488510	      0.38488510
41900	   0.000	      0.38509250	      0.38509250
42000	   0.000	      0.38407535	      0.38407535
42100	   0.000	      0.38500621	      0.38500621
42200	   0.000	      0.38438436	      0.38438436
42300	   0.000	      0.38584037	      0.38584037
42400	   0.000	      0.38541032	      0.38541032
42500	   0.000	      0.38566632	      0.38566632
42600	   0.000	      0.38415707	      0.38415707
42700	   0.000	      0.38412755	      0.38412755
42800	   0.000	      0.38433983	      0.38433983
42900	   0.000	      0.38482308	      0.38482308
43000	   0.000	      0.38387613	      0.38387613
43100	   0.000	      0.38443434	      0.38443434
43200	   0.000	      0.38421142	      0.38421142
43300	   0.000	      0.38507077	      0.38507077
43400	   0.000	      0.38323390	      0.38323390
43500	   0.000	      0.38461583	      0.38461583
43600	   0.000	      0.38486103	      0.38486103
43700	   0.000	      0.38504249	      0.38504249
43800	   0.000	      0.38390317	      0.38390317
43900	   0.000	      0.38345668	      0.38345668
44000	   0.000	      0.38472641	      0.38472641
44100	   0.000	      0.38545380	      0.38545380
44200	   0.000	      0.38571102	      0.38571102
44300	   0.000	      0.38419553	      0.38419553
44400	   0.000	      0.38479084	      0.38479084
44500	   0.000	      0.38403760	      0.38403760
44600	   0.000	      0.38331992	      0.38331992
44700	   0.000	      0.38470995	      0.38470995
44800	   0.000	      0.38501103	      0.38501103
44900	   0.000	      0.38507097	      0.38507097
45000	   0.000	      0.38573612	      0.38573612
45100	   0.000	      0.38578911	      0.38578911
45200	   0.000	      0.38584912	      0.38584912
45300	   0.000	      0.38565559	      0.38565559
45400	   0.000	      0.38530343	      0.38530343
45500	   0.000	      0.38509521	      0.38509521
45600	   0.000	      0.38565529	      0.38565529
45700	   0.000	      0.38606537	      0.38606537
45800	   0.000	      0.38625029	      0.38625029
45900	   0.000	      0.38571046	      0.38571046
46000	   0.000	      0.38594504	      0.38594504
46100	   0.000	      0.38533358	      0.38533358
46200	   0.000	      0.38527880	      0.38527880
46300	   0.000	      0.38574579	      0.38574579
46400	   0.000	      0.38551490	      0.38551490
46500	   0.000	      0.38644185	      0.38644185
46600	   0.000	      0.38756269	      0.38756269
46700	   0.000	      0.38790346	      0.38790346
46800	   0.000	      0.38783627	      0.38783627
46900	   0.000	      0.38760287	      0.38760287
47000	   0.000	      0.38783241	      0.38783241
47100	   0.000	      0.38612121	      0.38612121
47200	   0.000	      0.38610447	      0.38610447
47300	   0.000	      0.38697280	      0.38697280
47400	   0.000	      0.38601886	      0.38601886
47500	   0.000	      0.38654208	      0.38654208
47600	   0.000	      0.38638858	      0.38638858
47700	   0.000	      0.38595515	      0.38595515
47800	   0.000	      0.38573113	      0.38573113
47900	   0.000	      0.38737642	      0.38214356
48000	   0.000	      0.38959195	      0.38067416
48100	   0.000	      0.38855935	      0.38178272
48200	   0.000	      0.38492033	      0.38492033
48300	   0.000	      0.38666197	      0.38219823
48400	   0.000	      0.39029935	      0.37931058
48500	   0.000	      0.39058462	      0.37924624
48600	   0.000	      0.39038092	      0.37784055
48700	   0.000	      0.38826931	      0.37915610
48800	   0.000	      0.38545621	      0.38545621
48900	   0.000	      0.38689583	      0.38412045
49000	   0.000	      0.39084562	      0.37945681
49100	   0.000	      0.39082486	      0.37995814
49200	   0.000	      0.39125002	      0.37766063
49300	   0.000	      0.38883096	      0.37950906
49400	   0.000	      0.39011759	      0.37824535
49500	   0.000	      0.38993970	      0.37587195
49600	   0.000	      0.39150105	      0.37361197
49700	   0.000	      0.39170941	      0.37310091
49800	   0.000	      0.39074221	      0.37436539
49900	   0.000	      0.39153719	      0.37307553
50000	   0.000	      0.39186222	      0.37234811
50100	   0.000	      0.39110756	      0.37687307
50200	   0.000	      0.38944327	      0.37610930
50300	   0.000	      0.38978482	      0.37677814
50400	   0.000	      0.39122613	      0.37406603
50500	   0.000	      0.39061374	      0.37465024
50600	   0.000	      0.38830280	      0.38076919
50700	   0.000	      0.38974152	      0.38094355
50800	   0.000	      0.39136492	      0.38019883
50900	   0.000	      0.39196701	      0.38180198
51000	   0.000	      0.39159594	      0.37873086
51100	   0.000	      0.39110004	      0.37812483
51200	   0.000	      0.39224632	      0.37615049
51300	   0.000	      0.39200339	      0.37733302
51400	   0.000	      0.39191120	      0.37882870
51500	   0.000	      0.39095989	      0.37705112
51600	   0.000	      0.39128718	      0.37813627
51700	   0.000	      0.39296399	      0.37666343
51800	   0.000	      0.39327447	      0.37662634
51900	   0.000	      0.39351844	      0.37760651
52000	   0.000	      0.39479407	      0.37535469
52100	   0.000	      0.39457453	      0.37490916
52200	   0.000	      0.39388146	      0.37382828
52300	   0.000	      0.39399153	      0.37355930
52400	   0.000	      0.39443605	      0.37517456
52500	   0.000	      0.39366921	      0.37482182
52600	   0.000	      0.39427818	      0.37444757
52700	   0.000	      0.39489047	      0.37525046
52800	   0.000	      0.39475221	      0.37580259
52900	   0.000	      0.39478995	      0.37625893
53000	   0.000	      0.39461027	      0.37767259
53100	   0.000	      0.39418160	      0.37954561
53200	   0.000	      0.39389196	      0.38044015
53300	   0.000	      0.39476295	      0.38043840
53400	   0.000	      0.39395914	      0.38043338
53500	   0.000	      0.39413462	      0.37687512
53600	   0.000	      0.39280728	      0.37692217
53700	   0.000	      0.39191549	      0.37499638
53800	   0.000	      0.39333647	      0.37397117
53900	   0.000	      0.39473420	      0.37753324
54000	   0.000	      0.39422578	      0.37869265
54100	   0.000	      0.39302251	      0.38234599
54200	   0.000	      0.39173280	      0.38481697
54300	   0.000	      0.39528750	      0.38128319
54400	   0.000	      0.39562837	      0.38131656
54500	   0.000	      0.39450803	      0.37876400
54600	   0.000	      0.39455733	      0.37877230
54700	   0.000	      0.39467727	      0.37972828
54800	   0.000	      0.39577888	      0.37952808
54900	   0.000	      0.39471124	      0.37976379
55000	   0.000	      0.39468497	      0.37752417
55100	   0.000	      0.39336612	      0.38011834
55200	   0.000	      0.39147491	      0.37972552
55300	   0.000	      0.38882653	      0.38201166
55400	   0.000	      0.39112246	      0.37945045
55500	   0.000	      0.39248983	      0.38095151
55600	   0.000	      0.39306313	      0.37923862
55700	   0.000	      0.39354967	      0.37740377
55800	   0.000	      0.39292786	      0.37602508
55900	   0.000	      0.39233732	      0.37656055
56000	   0.000	      0.39103267	      0.37733559
56100	   0.000	      0.39036074	      0.37786946
56200	   0.000	      0.39155849	      0.37450504
56300	   0.000	      0.39005309	      0.37608287
56400	   0.000	      0.38892271	      0.37802416
56500	   0.000	      0.38845908	      0.37765927
56600	   0.000	      0.38975032	      0.37696013
56700	   0.000	      0.38998318	      0.37657474
56800	   0.000	      0.39021709	      0.37387857
56900	   0.000	      0.39173800	      0.37447485
57000	   0.000	      0.39224921	      0.37489988
57100	   0.000	      0.39275853	      0.37494101
57200	   0.000	      0.39309423	      0.37467996
57300	   0.000	      0.39268234	      0.37448460
57400	   0.000	      0.39224302	      0.37345402
57500	   0.000	      0.39218828	      0.37472759
57600	   0.000	      0.39079891	      0.37598547
57700	   0.000	      0.39145535	      0.37517151
57800	   0.000	      0.39113676	      0.37520558
57900	   0.000	      0.39087968	      0.37360608
58000	   0.000	      0.39157789	      0.37313233
58100	   0.000	      0.39194965	      0.37318543
58200	   0.000	      0.39157096	      0.37366926
58300	   0.000	      0.39245948	      0.37348344
58400	   0.000	      0.39210904	      0.37435347
58500	   0.000	      0.39120022	      0.37434367
58600	   0.000	      0.39192988	      0.37374419
58700	   0.000	      0.39221254	      0.37461536
58800	   0.000	      0.39291035	      0.37447846
58900	   0.000	      0.39310217	      0.37348014
59000	   0.000	      0.39202435	      0.37348151
59100	   0.000	      0.39078653	      0.37456228
59200	   0.000	      0.38960488	      0.37438842
59300	   0.000	      0.39030112	      0.37481707
59400	   0.000	      0.38877869	      0.37551905
59500	   0.000	      0.38920572	      0.37598888
59600	   0.000	      0.38830183	      0.37621720
59700	   0.000	      0.38867483	      0.37581452
59800	   0.000	      0.38852977	      0.37570306
59900	   0.000	      0.38761347	      0.37678920
60000	   0.000	      0.38746455	      0.37753362
60100	   0.000	      0.38666679	      0.37733012
60200	   0.000	      0.38620194	      0.37714522
60300	   0.000	      0.38687082	      0.37796590
60400	   0.000	      0.38637481	      0.37773563
60500	   0.000	      0.38724955	      0.37790466
60600	   0.000	      0.38774008	      0.37859440
60700	   0.000	      0.38728940	      0.37882005
60800	   0.000	      0.38766868	      0.37918894
60900	   0.000	      0.38733505	      0.37938838
61000	   0.000	      0.38723808	      0.37923708
61100	   0.000	      0.38666382	      0.37930106
61200	   0.000	      0.38727296	      0.37957134
61300	   0.000	      0.38618534	      0.37864798
61400	   0.000	      0.38717330	      0.37923820
61500	   0.000	      0.38762259	      0.37945669
61600	   0.000	      0.38737734	      0.37929024
61700	   0.000	      0.38559458	      0.37916317
61800	   0.000	      0.38639088	      0.37969182
61900	   0.000	      0.38753798	      0.37916344
62000	   0.000	      0.38753116	      0.37873263
62100	   0.000	      0.38688967	      0.37884806
62200	   0.000	      0.38625146	      0.37840953
62300	   0.000	      0.38546724	      0.37863811
62400	   0.000	      0.38472553	      0.37889894
62500	   0.000	      0.38434806	      0.37908385
62600	   0.000	      0.38448627	      0.37816589
62700	   0.000	      0.38410894	      0.37919816
62800	   0.000	      0.38515663	      0.37843860
62900	   0.000	      0.38582671	      0.37766505
63000	   0.000	      0.38501049	      0.37823978
63100	   0.000	      0.38431811	      0.37811103
63200	   0.000	      0.38431593	      0.37725379
63300	   0.000	      0.38485837	      0.37647577
63400	   0.000	      0.38558482	      0.37587085
63500	   0.000	      0.38648025	      0.37569824
63600	   0.000	      0.38573608	      0.37492751
63700	   0.000	      0.38584987	      0.37555711
63800	   0.000	      0.38529695	      0.37534404
63900	   0.000	      0.38470402	      0.37471257
64000	   0.000	      0.38432677	      0.37439240
64100	   0.000	      0.38384085	      0.37425151
64200	   0.000	      0.38413964	      0.37366794
64300	   0.000	      0.38588311	      0.37264644
64400	   0.000	      0.38526733	      0.37339399
64500	   0.000	      0.38521559	      0.37419515
64600	   0.000	      0.38528109	      0.37358123
64700	   0.000	      0.38620718	      0.37535433
64800	   0.000	      0.38625133	      0.37535612
64900	   0.000	      0.38726280	      0.37484568
65000	   0.000	      0.38805207	      0.37494322
65100	   0.000	      0.38832242	      0.37540416
65200	   0.000	      0.38781693	      0.37530345
65300	   0.000	      0.38622587	      0.37613992
65400	   0.000	      0.38603680	      0.37593725
65500	   0.000	      0.38626337	      0.37582693
65600	   0.000	      0.38612545	      0.37629148
65700	   0.000	      0.38768907	      0.37589432
65800	   0.000	      0.38654226	      0.37569377
65900	   0.000	      0.38675339	      0.37586790
66000	   0.000	      0.38676094	      0.37562074
66100	   0.000	      0.38692303	      0.37567753
66200	   0.000	      0.38647766	      0.37638181
66300	   0.000	      0.38670502	      0.37616525
66400	   0.000	      0.38699261	      0.37573468
66500	   0.000	      0.38652337	      0.37558289
66600	   0.000	      0.38812302	      0.37500661
66700	   0.000	      0.38815429	      0.37468560
66800	   0.000	      0.38842915	      0.37368652
66900	   0.000	      0.38865550	      0.37339606
67000	   0.000	      0.38795798	      0.37324574
67100	   0.000	      0.38863192	      0.37305221
67200	   0.000	      0.38826418	      0.37163775
67300	   0.000	      0.38745159	      0.37133783
67400	   0.000	      0.38686593	      0.37214851
67500	   0.000	      0.38657986	      0.37285736
67600	   0.000	      0.38560769	      0.37254554
67700	   0.000	      0.38611135	      0.37103291
67800	   0.000	      0.38637704	      0.37037345
67900	   0.000	      0.38710500	      0.37043719
68000	   0.000	      0.38662726	      0.37124401
68100	   0.000	      0.38558721	      0.37087672
68200	   0.000	      0.38549848	      0.37066805
68300	   0.000	      0.38513952	      0.37130037
68400	   0.000	      0.38550455	      0.37091446
68500	   0.000	      0.38623074	      0.37089946
68600	   0.000	      0.38643684	      0.36974340
68700	   0.000	      0.38623342	      0.36924154
68800	   0.000	      0.38514160	      0.36931773
68900	   0.000	      0.38629857	      0.36847702
69000	   0.000	      0.38677196	      0.36877586
69100	   0.000	      0.38542360	      0.36946981
69200	   0.000	      0.38471358	      0.36932737
69300	   0.000	      0.38382862	      0.36773722
69400	   0.000	      0.38313562	      0.36883126
69500	   0.000	      0.38298181	      0.36959683
69600	   0.000	      0.38248520	      0.36853002
69700	   0.000	      0.38125145	      0.36978001
69800	   0.000	      0.38090829	      0.36974677
69900	   0.000	      0.38096889	      0.36878953
70000	   0.000	      0.38144929	      0.36811673
70100	   0.000	      0.38261738	      0.36808859
70200	   0.000	      0.38191729	      0.37044619
70300	   0.000	      0.38146202	      0.36904908
70400	   0.000	      0.38239354	      0.36915932
70500	   0.000	      0.38251609	      0.36885584
70600	   0.000	      0.38357579	      0.36857769
70700	   0.000	      0.38261907	      0.36867193
70800	   0.000	      0.38296834	      0.37076103
70900	   0.000	      0.38312976	      0.37134064
71000	   0.000	      0.38315600	      0.37159835
71100	   0.000	      0.38299198	      0.37124679
71200	   0.000	      0.38290284	      0.37113693
71300	   0.000	      0.38251766	      0.37062155
71400	   0.000	      0.38329014	      0.36868606
71500	   0.000	      0.38314754	      0.36811149
71600	   0.000	      0.38300436	      0.36811329
71700	   0.000	      0.38255407	      0.36871148
71800	   0.000	      0.38198004	      0.36916827
71900	   0.000	      0.38211641	      0.36829538
72000	   0.000	      0.38136861	      0.36839986
72100	   0.000	      0.38190037	      0.36809930
72200	   0.000	      0.38150451	      0.36593048
72300	   0.000	      0.38170432	      0.36808960
72400	   0.000	      0.38188985	      0.36613217
72500	   0.000	      0.37976381	      0.36793440
72600	   0.000	      0.38019930	      0.36838808
72700	   0.000	      0.38035854	      0.36702415
72800	   0.000	      0.37959362	      0.36950858
72900	   0.000	      0.37916692	      0.36881431
73000	   0.000	      0.38031384	      0.36744283
73100	   0.000	      0.37943236	      0.36804469
73200	   0.000	      0.37952444	      0.36894754
73300	   0.000	      0.37993448	      0.36932868
73400	   0.000	      0.38054772	      0.36931348
73500	   0.000	      0.38104524	      0.36813449
73600	   0.000	      0.38149612	      0.36743168
73700	   0.000	      0.38202608	      0.36823410
73800	   0.000	      0.38137950	      0.36800700
73900	   0.000	      0.38148172	      0.36803319
74000	   0.000	      0.38202935	      0.36795122
74100	   0.000	      0.38229766	      0.36697180
74200	   0.000	      0.38234518	      0.36767936
74300	   0.000	      0.38220038	      0.36789297
74400	   0.000	      0.38291576	      0.36806184
74500	   0.000	      0.38331344	      0.36752382
74600	   0.000	      0.38314908	      0.36871372
74700	   0.000	      0.38371853	      0.36849809
74800	   0.000	      0.38373715	      0.36887590
74900	   0.000	      0.38273584	      0.36835966
75000	   0.000	      0.38274034	      0.36875170
75100	   0.000	      0.38218174	      0.36952174
75200	   0.000	      0.38243002	      0.36972497
75300	   0.000	      0.38285868	      0.36940387
75400	   0.000	      0.38282030	      0.36922611
75500	   0.000	      0.38248165	      0.36985494
75600	   0.000	      0.38256944	      0.36918212
75700	   0.000	      0.38372974	      0.36907410
75800	   0.000	      0.38383420	      0.36934107
75900	   0.000	      0.38323580	      0.36942474
76000	   0.000	      0.38337247	      0.36953941
76100	   0.000	      0.38321532	      0.36969638
76200	   0.000	      0.38398500	      0.36946669
76300	   0.000	      0.38331079	      0.36921703
76400	   0.000	      0.38326455	      0.36921635
76500	   0.000	      0.38255284	      0.36892692
76600	   0.000	      0.38237847	      0.36857259
76700	   0.000	      0.38183701	      0.36864098
76800	   0.000	      0.38142793	      0.36794028
76900	   0.000	      0.38192297	      0.36865146
77000	   0.000	      0.38241879	      0.36820507
77100	   0.000	      0.38180997	      0.36671047
77200	   0.000	      0.38153722	      0.36681563
77300	   0.000	      0.38152621	      0.36744638
77400	   0.000	      0.38139298	      0.36809289
77500	   0.000	      0.38091302	      0.36809930
77600	   0.000	      0.38057210	      0.36786396
77700	   0.000	      0.38016179	      0.36478519
77800	   0.000	      0.38014616	      0.36867978
77900	   0.000	      0.38062805	      0.36834747
78000	   0.000	      0.38046537	      0.36594339
78100	   0.000	      0.38008647	      0.36572176
78200	   0.000	      0.38029983	      0.36594638
78300	   0.000	      0.37997507	      0.36825288
78400	   0.000	      0.38044446	      0.36797825
78500	   0.000	      0.38046465	      0.36611344
78600	   0.000	      0.38119723	      0.36755626
78700	   0.000	      0.38184144	      0.36702419
78800	   0.000	      0.38205300	      0.36602130
78900	   0.000	      0.38185592	      0.36556410
79000	   0.000	      0.38253327	      0.36545195
79100	   0.000	      0.38304170	      0.36267730
79200	   0.000	      0.38326856	      0.36351289
79300	   0.000	      0.38397847	      0.36570886
79400	   0.000	      0.38376493	      0.36616923
79500	   0.000	      0.38303404	      0.36311332
79600	   0.000	      0.38321329	      0.36328173
79700	   0.000	      0.38365374	      0.36516960
79800	   0.000	      0.38347746	      0.36462701
79900	   0.000	      0.38349575	      0.36447328
80000	   0.000	      0.38289099	      0.36346242
80100	   0.000	      0.38322450	      0.36602891
80200	   0.000	      0.38355876	      0.36559438
80300	   0.000	      0.38246728	      0.36564671
80400	   0.000	      0.38234413	      0.36580514
80500	   0.000	      0.38246961	      0.36442617
80600	   0.000	      0.38215176	      0.36329552
80700	   0.000	      0.38146119	      0.36556483
80800	   0.000	      0.38148094	      0.36585463
80900	   0.000	      0.38251025	      0.36568031
81000	   0.000	      0.38286555	      0.36678233
81100	   0.000	      0.38216713	      0.36667744
81200	   0.000	      0.38169727	      0.36648198
81300	   0.000	      0.38181477	      0.36716636
81400	   0.000	      0.38061935	      0.36638021
81500	   0.000	      0.38057833	      0.36613906
81600	   0.000	      0.38037776	      0.36532639
81700	   0.000	      0.37995862	      0.36555587
81800	   0.000	      0.38124237	      0.36677248
81900	   0.000	      0.38133552	      0.36733771
82000	   0.000	      0.38102954	      0.36751620
82100	   0.000	      0.38144335	      0.36847551
82200	   0.000	      0.38170398	      0.36851404
82300	   0.000	      0.38147671	      0.36877347
82400	   0.000	      0.38265337	      0.36827889
82500	   0.000	      0.38321465	      0.36842943
82600	   0.000	      0.38181624	      0.36838284
82700	   0.000	      0.38108327	      0.36935322
82800	   0.000	      0.38014920	      0.36833444
82900	   0.000	      0.37925166	      0.36786974
83000	   0.000	      0.37979539	      0.36870636
83100	   0.000	      0.38011877	      0.36880065
83200	   0.000	      0.37984943	      0.36947925
83300	   0.000	      0.37964256	      0.36943203
83400	   0.000	      0.37881409	      0.36914381
83500	   0.000	      0.37806028	      0.36891837
83600	   0.000	      0.37788138	      0.36899489
83700	   0.000	      0.37836292	      0.36819323
83800	   0.000	      0.37845436	      0.36752970
83900	   0.000	      0.37809705	      0.36825757
84000	   0.000	      0.37858168	      0.36811012
84100	   0.000	      0.37987068	      0.36805869
84200	   0.000	      0.37987087	      0.36869669
84300	   0.000	      0.37911337	      0.36854111
84400	   0.000	      0.37870004	      0.36857164
84500	   0.000	      0.37839627	      0.36800202
84600	   0.000	      0.37772957	      0.36808518
84700	   0.000	      0.37763433	      0.36892680
84800	   0.000	      0.37728432	      0.36798720
84900	   0.000	      0.37769899	      0.36717597
85000	   0.000	      0.37776851	      0.36751239
85100	   0.000	      0.37846234	      0.36750452
85200	   0.000	      0.37876626	      0.36638128
85300	   0.000	      0.37838183	      0.36531654
85400	   0.000	      0.37839246	      0.36490491
85500	   0.000	      0.37725278	      0.36495967
85600	   0.000	      0.37762312	      0.36578520
85700	   0.000	      0.37840624	      0.36548302
85800	   0.000	      0.37885834	      0.36605632
85900	   0.000	      0.37884934	      0.36549720
86000	   0.000	      0.37910550	      0.36404223
86100	   0.000	      0.37917003	      0.36626927
86200	   0.000	      0.37931940	      0.36611712
86300	   0.000	      0.37814107	      0.36639605
86400	   0.000	      0.37734416	      0.36584185
86500	   0.000	      0.37690333	      0.36303512
86600	   0.000	      0.37588963	      0.36453532
86700	   0.000	      0.37612991	      0.36596008
86800	   0.000	      0.37653746	      0.36647717
86900	   0.000	      0.37751824	      0.36618145
87000	   0.000	      0.37792879	      0.36398563
87100	   0.000	      0.37772222	      0.36630669
87200	   0.000	      0.37754230	      0.36605164
87300	   0.000	      0.37813783	      0.36422290
87400	   0.000	      0.37793640	      0.36592763
87500	   0.000	      0.37890802	      0.36729024
87600	   0.000	      0.37897934	      0.36728083
87700	   0.000	      0.37858571	      0.36813015
87800	   0.000	      0.37830193	      0.36857205
87900	   0.000	      0.37914976	      0.36870013
88000	   0.000	      0.37948637	      0.36933769
88100	   0.000	      0.37942874	      0.36928282
88200	   0.000	      0.37945070	      0.36866388
88300	   0.000	      0.37979219	      0.36763342
88400	   0.000	      0.37972918	      0.36683649
88500	   0.000	      0.37954064	      0.36701976
88600	   0.000	      0.38007366	      0.36695685
88700	   0.000	      0.37929016	      0.36692226
88800	   0.000	      0.37837366	      0.36714164
88900	   0.000	      0.37843338	      0.36675253
89000	   0.000	      0.37969342	      0.36616347
89100	   0.000	      0.38002199	      0.36691319
89200	   0.000	      0.38029449	      0.36688564
89300	   0.000	      0.38036182	      0.36659173
89400	   0.000	      0.38068418	      0.36683229
89500	   0.000	      0.38014366	      0.36642128
89600	   0.000	      0.38023396	      0.36610341
89700	   0.000	      0.38045599	      0.36570856
89800	   0.000	      0.38057372	      0.36569071
89900	   0.000	      0.38034873	      0.36651219
90000	   0.000	      0.37976214	      0.36631446
90100	   0.000	      0.38011626	      0.36611416
90200	   0.000	      0.38022117	      0.36544926
90300	   0.000	      0.37961754	      0.36418524
90400	   0.000	      0.38005147	      0.36397749
90500	   0.000	      0.38020765	      0.36273857
90600	   0.000	      0.38077455	      0.36248133
90700	   0.000	      0.38071875	      0.36423253
90800	   0.000	      0.38057539	      0.36252356
90900	   0.000	      0.38058057	      0.36301641
91000	   0.000	      0.37998578	      0.36329820
91100	   0.000	      0.37976225	      0.36433049
91200	   0.000	      0.37941820	      0.36373767
91300	   0.000	      0.37959279	      0.36425946
91400	   0.000	      0.37955776	      0.36435779
91500	   0.000	      0.37958646	      0.36465447
91600	   0.000	      0.38034283	      0.36554008
91700	   0.000	      0.38071573	      0.36631552
91800	   0.000	      0.38023436	      0.36639803
91900	   0.000	      0.37977585	      0.36672995
92000	   0.000	      0.37950270	      0.36634545
92100	   0.000	      0.37935360	      0.36589985
92200	   0.000	      0.37900547	      0.36598192
92300	   0.000	      0.37875825	      0.36548077
92400	   0.000	      0.37809811	      0.36514726
92500	   0.000	      0.37761942	      0.36486657
92600	   0.000	      0.37741455	      0.36540571
92700	   0.000	      0.37782785	      0.36566334
92800	   0.000	      0.37748068	      0.36594898
92900	   0.000	      0.37721992	      0.36606660
93000	   0.000	      0.37641320	      0.36556288
93100	   0.000	      0.37667538	      0.36542229
93200	   0.000	      0.37635735	      0.36534362
93300	   0.000	      0.37615994	      0.36616926
93400	   0.000	      0.37580046	      0.36672179
93500	   0.000	      0.37671937	      0.36667318
93600	   0.000	      0.37732695	      0.36663690
93700	   0.000	      0.37747319	      0.36629859
93800	   0.000	      0.37722722	      0.36551279
93900	   0.000	      0.37632816	      0.36580910
94000	   0.000	      0.37637447	      0.36614015
94100	   0.000	      0.37756103	      0.36589660
94200	   0.000	      0.37800511	      0.36651260
94300	   0.000	      0.37849731	      0.36628878
94400	   0.000	      0.37813712	      0.36638038
94500	   0.000	      0.37823306	      0.36627910
94600	   0.000	      0.37734318	      0.36587358
94700	   0.000	      0.37696962	      0.36611454
94800	   0.000	      0.37766060	      0.36594323
94900	   0.000	      0.37805896	      0.36572905
95000	   0.000	      0.37797208	      0.36575803
95100	   0.000	      0.37677041	      0.36551383
95200	   0.000	      0.37632545	      0.36557481
95300	   0.000	      0.37627335	      0.36504044
95400	   0.000	      0.37717716	      0.36484243
95500	   0.000	      0.37621932	      0.36464989
95600	   0.000	      0.37640425	      0.36386771
95700	   0.000	      0.37570118	      0.36457422
95800	   0.000	      0.37525368	      0.36554335
95900	   0.000	      0.37583382	      0.36526146
96000	   0.000	      0.37441405	      0.36561197
96100	   0.000	      0.37426561	      0.36501114
96200	   0.000	      0.37352271	      0.36487064
96300	   0.000	      0.37289193	      0.36446119
96400	   0.000	      0.37212355	      0.36353478
96500	   0.000	      0.37368584	      0.36356072
96600	   0.000	      0.37463334	      0.36349516
96700	   0.000	      0.37482582	      0.36477395
96800	   0.000	      0.37459012	      0.36532822
96900	   0.000	      0.37380631	      0.36527468
97000	   0.000	      0.37348345	      0.36515416
97100	   0.000	      0.37347942	      0.36471905
97200	   0.000	      0.37398767	      0.36499567
97300	   0.000	      0.37469696	      0.36592876
97400	   0.000	      0.37507295	      0.36561002
97500	   0.000	      0.37548328	      0.36551735
97600	   0.000	      0.37523219	      0.36552564
97700	   0.000	      0.37523843	      0.36465798
97800	   0.000	      0.37552914	      0.36536096
97900	   0.000	      0.37564522	      0.36538614
98000	   0.000	      0.37514637	      0.36567782
98100	   0.000	      0.37610791	      0.36583143
98200	   0.000	      0.37617479	      0.36613971
98300	   0.000	      0.37621749	      0.36620381
98400	   0.000	      0.37643091	      0.36678682
98500	   0.000	      0.37539055	      0.36700710
98600	   0.000	      0.37578757	      0.36702965
98700	   0.000	      0.37629070	      0.36624289
98800	   0.000	      0.37667649	      0.36610725
98900	   0.000	      0.37709458	      0.36581108
99000	   0.000	      0.37768618	      0.36560849
99100	   0.000	      0.37765398	      0.36612703
99200	   0.000	      0.37759781	      0.36620314
99300	   0.000	      0.37776722	      0.36592632
99400	   0.000	      0.37727330	      0.36543637
99500	   0.000	      0.37731209	      0.36547014
99600	   0.000	      0.37768380	      0.36501355
99700	   0.000	      0.37772445	      0.36405937
99800	   0.000	      0.37791109	      0.36418240
99900	   0.000	      0.37770888	      0.36420095
100000	   0.000	      0.37749966	      0.36457889
