#ncounts	stability	slowest	next-slowest
1503700	  -0.000	             nan	4503599627370496.00000000
3007400	   0.000	75690750039839.76562500	51177268492846.04687500
4511100	   0.000	81883629588553.96875000	55258891133379.82031250
6014800	  -0.000	24609834029346.47265625	13053911963392.24218750
7518500	   0.000	-4503599627370497.00000000	333599972397814.06250000
9022200	   0.000	46912496118442.16406250	1147370.98434979
10525900	   0.000	13921482619382.79687500	1638207.55168912
12029600	  -0.000	118515779667644.12500000	1505888.39883933
13533300	  -0.000	23274416678916.79296875	 427264.33682568
15037000	   0.000	 479904.55810656	   9362.44308456
16540700	  -0.000	 546635.94223869	   9260.66556970
18044400	   0.000	 517622.05642813	   9827.45308707
19548100	   0.000	 485253.40059289	  11284.01586682
21051800	   0.338	  12469.38120935	   6994.94921881
22555500	   0.317	   6586.65954551	   3134.12354903
24059200	   0.332	   6626.80011670	   3313.65721060
25562900	   0.350	   6831.75871934	   3518.11276450
27066600	   0.349	   6762.68453717	   3788.96476049
28570300	   0.307	   6350.63111534	   3945.85371789
30074000	   0.316	   6546.37484282	   4211.20028288
31577700	   0.322	   6476.40330714	   4449.99362522
33081400	   0.310	   6350.60079205	   4626.33589462
34585100	   0.314	   6563.77075671	   4815.40413699
36088800	   0.321	   6519.12075482	   4953.35263074
37592500	   0.314	   6536.26303198	   5046.15221124
39096200	   0.315	   6620.04405948	   5161.91873389
40599900	   0.329	   6841.78062900	   5316.13948069
42103600	   0.344	   7046.28979252	   5455.40455609
43607300	   0.338	   6343.72013602	   3186.26613724
45111000	   0.345	   6302.03644197	   2527.03695256
46614700	   0.342	   6337.90180605	   2572.49740018
48118400	   0.343	   6323.07911597	   2542.81852330
49622100	   0.334	   6370.14350027	   2614.24758630
51125800	   0.331	   6235.81097175	   2580.44988094
52629500	   0.341	   6290.64966098	   2648.68471038
54133200	   0.347	   6319.00037952	   2681.66550589
55636900	   0.349	   6245.67010452	   2787.23020706
57140600	   0.347	   6289.41304612	   2855.61568328
58644300	   0.359	   6357.74547662	   2951.60578391
60148000	   0.356	   6417.99688510	   3035.58362476
61651700	   0.365	   6492.95203379	   3106.99150830
63155400	   0.372	   6510.39548721	   3160.33595259
64659100	   0.366	   6444.14721539	   3241.88172957
66162800	   0.374	   6484.45267410	   3326.58784989
67666500	   0.351	   6091.14161771	   3382.52973980
69170200	   0.344	   6040.76417306	   3450.70237839
70673900	   0.348	   6034.61868440	   3510.34865439
72177600	   0.345	   5990.84753947	   2503.00639072
73681300	   0.339	   5959.78052487	   2540.86401702
75185000	   0.338	   5968.48745909	   2584.80658859
76688700	   0.334	   5974.33841298	   2664.81223886
78192400	   0.338	   6031.75938309	   2713.69433861
79696100	   0.316	   5733.32492534	   2512.98619906
81199800	   0.320	   5781.65787749	   2518.92315647
82703500	   0.321	   5746.64792475	   2538.04499559
84207200	   0.318	   5739.25433061	   2570.70404392
85710900	   0.323	   5739.60118282	   2488.46083797
87214600	   0.322	   5775.84242691	   2522.13197733
88718300	   0.322	   5763.59142188	   2543.26006145
90222000	   0.326	   5819.43462060	   2563.18981872
91725700	   0.330	   5886.29912147	   2595.50320190
93229400	   0.324	   5889.25948111	   2630.03822102
94733100	   0.307	   5653.06980830	   2646.18815645
96236800	   0.309	   5645.71126272	   2695.02596067
97740500	   0.302	   5640.78353145	   2754.15192884
99244200	   0.304	   5648.69920151	   2787.30545188
100747900	   0.302	   5644.47258892	   2837.70479758
102251600	   0.305	   5645.34283349	   2877.68873373
103755300	   0.305	   5671.76193707	   2907.52479606
105259000	   0.306	   5640.17734009	   2932.94984154
106762700	   0.311	   5681.06696911	   2966.98896185
108266400	   0.307	   5620.52630215	   2995.07516104
109770100	   0.312	   5620.66009077	   3045.41193990
111273800	   0.314	   5686.82853289	   3077.78719396
112777500	   0.321	   5731.01625760	   3124.99363553
114281200	   0.322	   5774.70786708	   3158.90852568
115784900	   0.322	   5810.30908737	   3201.86515906
117288600	   0.321	   5814.09813086	   3232.68595545
118792300	   0.323	   5856.20316805	   3281.75585944
120296000	   0.322	   5867.20004985	   3303.76368937
121799700	   0.325	   5917.24701446	   3340.30811404
123303400	   0.331	   5952.86428619	   3406.21252574
124807100	   0.321	   5770.90867746	   3436.48117383
126310800	   0.324	   5775.17105034	   3479.04807751
127814500	   0.327	   5799.44886909	   3513.92945227
129318200	   0.330	   5871.12149037	   3563.26851324
130821900	   0.329	   5907.31799058	   3574.52268317
132325600	   0.329	   5888.54842265	   3616.72883478
133829300	   0.328	   5910.91724287	   3639.32844762
135333000	   0.330	   5923.15276756	   3679.07593561
136836700	   0.333	   5969.94001337	   3726.88823070
138340400	   0.335	   5998.82861019	   3766.91604394
139844100	   0.337	   6029.80351250	   3802.47089260
141347800	   0.336	   6082.82457618	   3826.13232345
142851500	   0.335	   6102.39580674	   3865.05757841
144355200	   0.334	   6091.19000538	   3899.69810270
145858900	   0.327	   5988.48924513	   3929.00489767
147362600	   0.317	   5881.64241379	   3954.51684009
148866300	   0.319	   5921.29461931	   3990.96589714
150370000	   0.322	   5919.21638161	   4016.44361075
151873700	   0.322	   5964.99609891	   4058.24085837
153377400	   0.318	   5948.09855224	   4082.19063514
154881100	   0.319	   5956.73240449	   4106.30051650
156384800	   0.321	   5983.71603245	   4137.58445282
157888500	   0.320	   6008.86647955	   4163.33677787
159392200	   0.320	   6037.87106728	   4199.26838090
160895900	   0.321	   6074.30065698	   4230.45525973
162399600	   0.323	   6099.72457991	   4254.90069184
163903300	   0.324	   6131.53140902	   4283.85965330
165407000	   0.325	   5967.58261462	   3761.05801691
166910700	   0.323	   5961.75534534	   3784.39388125
168414400	   0.324	   5981.06132574	   3819.27591385
169918100	   0.324	   6000.96780204	   3852.72268341
171421800	   0.325	   5999.83960716	   3879.76059019
172925500	   0.327	   6032.08546701	   3907.13256373
174429200	   0.330	   6071.80207532	   3933.85201683
175932900	   0.333	   6025.37599853	   3502.46212936
177436600	   0.335	   6046.05308253	   3519.68673792
178940300	   0.335	   6072.07906828	   3542.16829990
180444000	   0.335	   6043.94072768	   3559.66432706
181947700	   0.335	   6038.04071583	   3585.70080938
183451400	   0.332	   6015.08200838	   3616.81420648
184955100	   0.333	   5987.79700739	   3645.82394138
186458800	   0.332	   5996.02204170	   3676.58655935
187962500	   0.334	   6036.05570986	   3707.84954182
189466200	   0.335	   6032.71251385	   3738.73463107
190969900	   0.335	   6038.20942721	   3770.78026095
192473600	   0.335	   6019.60791213	   3794.53649300
193977300	   0.336	   6030.17197196	   3819.14704096
195481000	   0.339	   6056.53132253	   3843.59535353
196984700	   0.341	   6105.01350085	   3883.58290034
198488400	   0.342	   6127.14947260	   3903.38553649
199992100	   0.346	   6142.49974071	   3928.02820156
201495800	   0.348	   6166.03304894	   3957.04885476
202999500	   0.347	   6180.95784134	   3977.97877803
204503200	   0.348	   6183.29610919	   4004.44282011
206006900	   0.349	   6203.31009189	   4022.46031955
207510600	   0.350	   6088.58872991	   3618.14733462
209014300	   0.350	   6128.53362532	   3634.49862859
210518000	   0.351	   6153.12542688	   3655.30549661
212021700	   0.352	   6184.20317561	   3675.13569878
213525400	   0.352	   6180.91182037	   3696.84824214
215029100	   0.354	   6206.70067340	   3722.92788317
216532800	   0.354	   6222.59240886	   3745.05962392
218036500	   0.356	   6247.51849555	   3774.36853363
219540200	   0.354	   6223.33106705	   3797.28429155
221043900	   0.356	   6235.13473691	   3812.42657348
222547600	   0.357	   6258.70710567	   3836.42426400
224051300	   0.357	   6290.16821188	   3864.39418188
225555000	   0.357	   6277.39762490	   3880.23260445
227058700	   0.358	   6285.69458361	   3902.34023144
228562400	   0.361	   6298.97871639	   3925.01722664
230066100	   0.361	   6317.18829253	   3940.54130965
231569800	   0.356	   6292.68530037	   3965.79324254
233073500	   0.355	   6289.83104481	   3989.19049299
234577200	   0.357	   6324.41339519	   4014.97094723
236080900	   0.357	   6340.46122110	   4040.98435603
237584600	   0.360	   6369.85838232	   4059.07975517
239088300	   0.360	   6383.07170741	   4079.06234559
240592000	   0.358	   6373.71414965	   4101.94956355
242095700	   0.359	   6399.50286601	   4130.00970061
243599400	   0.359	   6413.54580465	   4149.29017541
245103100	   0.360	   6409.32137486	   4167.57484349
246606800	   0.362	   6427.77045061	   4185.05186614
248110500	   0.364	   6469.63757652	   4218.08762081
249614200	   0.365	   6497.15596351	   4242.16342738
251117900	   0.365	   6504.70271562	   4261.64192742
252621600	   0.363	   6525.41306592	   4277.92858374
254125300	   0.364	   6529.32825627	   4296.56628079
255629000	   0.364	   6547.92840672	   4316.91232643
257132700	   0.364	   6552.27338069	   4329.12781372
258636400	   0.360	   6535.18457395	   4341.49257800
260140100	   0.359	   6544.24776634	   4359.10404921
261643800	   0.359	   6545.26553327	   4383.12111074
263147500	   0.358	   6558.49361480	   4403.84953096
264651200	   0.358	   6570.20204085	   4418.74011528
266154900	   0.357	   6577.48027787	   4434.82140790
267658600	   0.356	   6550.86699699	   4450.19633697
269162300	   0.354	   6537.86013916	   4467.43476157
270666000	   0.356	   6567.01968573	   4488.90021479
272169700	   0.357	   6558.23316937	   4506.63365367
273673400	   0.359	   6580.42455238	   4526.08181213
275177100	   0.361	   6609.74673635	   4546.11011733
276680800	   0.363	   6608.54004769	   4563.40790525
278184500	   0.363	   6625.52548241	   4585.94818154
279688200	   0.364	   6645.80404916	   4606.13540844
281191900	   0.366	   6661.43896280	   4617.24360846
282695600	   0.364	   6633.59057971	   4626.36915796
284199300	   0.363	   6652.51590917	   4646.69880148
285703000	   0.364	   6667.45941741	   4670.44731181
287206700	   0.362	   6671.84703864	   4689.59875162
288710400	   0.360	   6669.28060608	   4709.63969195
290214100	   0.363	   6708.05872986	   4734.45622944
291717800	   0.361	   6707.47155596	   4747.93474122
293221500	   0.363	   6726.85743687	   4767.13061200
294725200	   0.360	   6719.73048254	   4781.38288801
296228900	   0.361	   6729.21573994	   4797.68475023
297732600	   0.363	   6733.12464122	   4801.41294399
299236300	   0.363	   6741.64672120	   4817.52875918
300740000	   0.363	   6752.12938850	   4834.45997265
302243700	   0.362	   6767.89068940	   4854.60314615
303747400	   0.360	   6758.09026586	   4864.97940451
305251100	   0.362	   6785.71061619	   4889.95217842
306754800	   0.362	   6803.10014153	   4899.82401979
308258500	   0.360	   6795.68473667	   4904.54672250
309762200	   0.361	   6826.00234110	   4926.73766105
311265900	   0.361	   6555.68125429	   4577.36992559
312769600	   0.355	   6485.13187900	   4578.67304041
314273300	   0.355	   6496.39403099	   4592.28494772
315777000	   0.356	   6520.07615683	   4611.11135069
317280700	   0.352	   6459.48332757	   4612.90616046
318784400	   0.354	   6477.53093954	   4631.25748202
320288100	   0.355	   6491.47782068	   4647.26777322
321791800	   0.354	   6500.91048372	   4663.84559525
323295500	   0.353	   6505.74889563	   4680.78994504
324799200	   0.352	   6513.49270414	   4696.02717503
326302900	   0.351	   6523.12704391	   4712.67082955
327806600	   0.351	   6549.17606773	   4714.50287266
329310300	   0.352	   6572.03799886	   4736.20392813
330814000	   0.353	   6587.44171159	   4751.01313710
332317700	   0.354	   6602.93436329	   4763.42611653
333821400	   0.353	   6613.34584053	   4780.76913009
335325100	   0.351	   6612.45355899	   4792.38495544
336828800	   0.348	   6598.56258855	   4798.08633210
338332500	   0.349	   6610.52159648	   4814.68849393
339836200	   0.351	   6419.31007248	   4513.25579683
341339900	   0.350	   6422.29109088	   4529.38341977
342843600	   0.352	   6448.96637207	   4545.62928029
344347300	   0.352	   6446.47669639	   4552.55588772
345851000	   0.350	   6432.43016760	   4560.17460734
347354700	   0.352	   6456.31942312	   4577.41741066
348858400	   0.353	   6486.10009772	   4578.27220297
350362100	   0.353	   6507.37495070	   4597.30920890
351865800	   0.355	   6519.09677868	   4614.12481109
353369500	   0.356	   6545.57895464	   4633.12780698
354873200	   0.357	   6558.21244129	   4647.12340901
356376900	   0.358	   6578.11604808	   4664.47210868
357880600	   0.359	   6617.49140665	   4667.94902469
359384300	   0.360	   6619.81199488	   4674.26310935
360888000	   0.359	   6631.18210044	   4693.22347357
362391700	   0.360	   6646.73601469	   4709.82784138
363895400	   0.360	   6665.29264797	   4726.47427695
365399100	   0.361	   6684.93123503	   4744.93264780
366902800	   0.358	   6657.40883314	   4748.66732674
368406500	   0.357	   6664.19953540	   4761.71635523
369910200	   0.358	   6681.15430303	   4774.39148155
371413900	   0.359	   6706.76628813	   4791.41555755
372917600	   0.360	   6725.57168088	   4809.04588248
374421300	   0.359	   6720.68475386	   4817.39396861
375925000	   0.360	   6740.42633850	   4830.71200566
377428700	   0.360	   6753.26040118	   4840.30645854
378932400	   0.360	   6760.39013007	   4850.05184474
380436100	   0.361	   6782.31414449	   4865.24299217
381939800	   0.361	   6785.59765874	   4874.02349606
383443500	   0.361	   6832.38876238	   4871.57436289
384947200	   0.361	   6843.15993195	   4882.65643916
386450900	   0.361	   6868.15997040	   4903.26076870
387954600	   0.362	   6880.67042984	   4913.21234045
389458300	   0.362	   6889.64276238	   4923.42102265
390962000	   0.363	   6891.06506622	   4931.46273364
392465700	   0.363	   6906.70423885	   4944.70926111
393969400	   0.364	   6918.56199706	   4954.78956402
395473100	   0.364	   6928.14153508	   4963.78474706
396976800	   0.366	   6954.26360785	   4978.54345422
398480500	   0.367	   6965.45368645	   4988.36394412
399984200	   0.367	   6980.28267710	   5001.58627784
401487900	   0.367	   7014.51932361	   5000.89144444
402991600	   0.367	   7030.31533115	   5014.13824220
404495300	   0.364	   6999.21724070	   5009.80214501
405999000	   0.363	   7028.22425354	   5004.27505265
407502700	   0.363	   7040.58902348	   5013.41060354
409006400	   0.365	   6789.03500155	   4771.72351210
410510100	   0.365	   6792.00105821	   4780.08427122
412013800	   0.360	   6772.03269843	   4764.98224674
413517500	   0.360	   6780.86556718	   4775.33962233
415021200	   0.360	   6789.73690251	   4785.02310856
416524900	   0.361	   6811.70761706	   4800.35283387
418028600	   0.360	   6821.47671435	   4808.98921899
419532300	   0.361	   6835.11880701	   4818.85630694
421036000	   0.361	   6852.10602688	   4834.63622408
422539700	   0.360	   6862.87004027	   4846.22789019
424043400	   0.360	   6860.40135646	   4847.80093979
425547100	   0.360	   6878.45572034	   4865.34957405
427050800	   0.362	   6897.91339741	   4876.96674842
428554500	   0.359	   6879.26836844	   4880.48128927
430058200	   0.360	   6885.66548467	   4888.92171954
431561900	   0.360	   6903.24726072	   4904.47738862
433065600	   0.360	   6913.41945970	   4914.61877836
434569300	   0.361	   6925.38660542	   4923.04738511
436073000	   0.361	   6933.32498509	   4932.33540049
437576700	   0.362	   6960.86677186	   4948.64283702
439080400	   0.360	   6943.10632080	   4950.34797226
440584100	   0.361	   6959.66142150	   4962.79592983
442087800	   0.361	   6972.34135560	   4976.28875664
443591500	   0.358	   6994.08327894	   4974.97155771
445095200	   0.357	   7000.98410637	   4983.97721421
446598900	   0.358	   7038.63505503	   4978.38905041
448102600	   0.361	   6803.16838750	   4757.80089828
449606300	   0.362	   6814.34792156	   4769.15865294
451110000	   0.362	   6819.48001828	   4779.39311008
452613700	   0.363	   6837.33102175	   4791.62801329
454117400	   0.363	   6847.18626402	   4802.23823986
455621100	   0.363	   6834.80400214	   4804.96987826
457124800	   0.362	   6848.03617427	   4816.98058192
458628500	   0.361	   6853.77495681	   4825.47501397
460132200	   0.361	   6867.20939804	   4838.95553714
461635900	   0.361	   6878.73668297	   4848.50995018
463139600	   0.361	   6908.17900852	   4841.82610030
464643300	   0.363	   6929.17442029	   4855.81727905
466147000	   0.363	   6939.86533598	   4866.36946473
467650700	   0.364	   6948.18920111	   4868.11504882
469154400	   0.364	   6959.50353152	   4877.55118438
470658100	   0.365	   6982.03993677	   4891.92503355
472161800	   0.365	   6995.62099556	   4903.49675846
473665500	   0.365	   7011.38128741	   4911.26168597
475169200	   0.366	   7035.08488716	   4927.20486779
476672900	   0.366	   7043.01419495	   4936.42896243
478176600	   0.365	   7047.39368732	   4946.52985638
479680300	   0.365	   7056.11924187	   4955.18199475
481184000	   0.367	   6793.00775985	   4666.76312480
482687700	   0.367	   6800.79978144	   4678.62635349
484191400	   0.365	   6801.40828531	   4691.84041822
485695100	   0.366	   6813.27422962	   4701.66862687
487198800	   0.367	   6828.35059669	   4711.13974554
488702500	   0.369	   6843.07491509	   4724.27723911
490206200	   0.370	   6862.86680708	   4737.09924297
491709900	   0.370	   6879.65738317	   4748.31061648
493213600	   0.371	   6895.83877078	   4757.90056121
494717300	   0.369	   6885.74815505	   4763.67301355
496221000	   0.369	   6891.12279982	   4773.72182422
497724700	   0.369	   6906.60917791	   4787.39048193
499228400	   0.370	   6924.24292826	   4801.56902398
500732100	   0.365	   6878.82416326	   4802.82138862
502235800	   0.364	   6886.09833094	   4811.11359848
503739500	   0.363	   6875.99098154	   4817.69698212
505243200	   0.363	   6888.29693082	   4828.46588714
506746900	   0.360	   6883.80439716	   4816.94414685
508250600	   0.361	   6891.36966139	   4824.33203907
509754300	   0.361	   6901.44079492	   4822.40759030
511258000	   0.362	   6919.46607760	   4835.73000309
512761700	   0.362	   6933.43207901	   4847.01999729
514265400	   0.357	   6898.61363237	   4844.60552927
515769100	   0.358	   6910.21135779	   4854.84941395
517272800	   0.358	   6917.05576023	   4863.07915730
518776500	   0.358	   6923.25301004	   4872.39973377
520280200	   0.358	   6928.10268497	   4881.70166427
521783900	   0.354	   6891.81294453	   4875.42803048
523287600	   0.354	   6905.15330090	   4882.72563154
524791300	   0.354	   6910.27507274	   4891.26097767
526295000	   0.355	   6916.99923558	   4897.07818261
527798700	   0.355	   6919.99392307	   4903.30150777
529302400	   0.354	   6931.26128226	   4914.30608575
530806100	   0.355	   6943.31768593	   4922.43643613
532309800	   0.354	   6945.65290657	   4927.55914853
533813500	   0.355	   6955.10334489	   4934.64155414
535317200	   0.355	   6953.70995624	   4936.96156538
536820900	   0.354	   6939.72524237	   4932.03315660
538324600	   0.350	   6902.83660431	   4921.60959730
539828300	   0.351	   6916.85741004	   4930.03987546
541332000	   0.351	   6931.22232953	   4935.31949566
542835700	   0.352	   6944.62254685	   4941.12463241
544339400	   0.353	   6966.51195375	   4954.16845285
545843100	   0.352	   6975.53915559	   4961.00159733
547346800	   0.352	   6986.94171034	   4970.41354693
548850500	   0.348	   6959.87949768	   4961.42380175
550354200	   0.348	   6980.09299380	   4958.59081691
551857900	   0.349	   6995.39226365	   4968.36260574
553361600	   0.349	   7003.47350063	   4975.06933983
554865300	   0.349	   7013.52180524	   4981.74565787
556369000	   0.349	   7028.28244802	   4980.31897829
557872700	   0.346	   7008.49634790	   4973.27610477
559376400	   0.347	   7033.41108864	   4972.64348726
560880100	   0.347	   7054.20430643	   4969.12068142
562383800	   0.347	   7063.57971317	   4974.99420811
563887500	   0.347	   7076.24988112	   4978.33230936
565391200	   0.346	   7084.16254644	   4985.02975866
566894900	   0.347	   7093.56625132	   4988.77515667
568398600	   0.347	   7106.48637273	   4996.55701359
569902300	   0.348	   7121.68489070	   5006.73963462
571406000	   0.348	   7127.54066420	   5011.07464774
572909700	   0.348	   7135.31979765	   5016.79279103
574413400	   0.347	   7146.14970821	   5023.17974446
575917100	   0.347	   7160.93804530	   5031.88184649
577420800	   0.348	   7172.56644332	   5039.41069468
578924500	   0.347	   7182.41938773	   5045.42640375
580428200	   0.348	   7196.34150356	   5055.46984817
581931900	   0.348	   7210.80086992	   5065.25436656
583435600	   0.348	   7226.34702101	   5073.82547832
584939300	   0.348	   7244.68269792	   5082.65843897
586443000	   0.347	   7249.06651071	   5084.87977543
587946700	   0.347	   7262.93765460	   5092.28321483
589450400	   0.347	   7279.68904771	   5096.71817660
590954100	   0.348	   7294.35909189	   5105.85823975
592457800	   0.344	   7265.95253603	   5085.10781134
593961500	   0.345	   7276.76047586	   5085.54912611
595465200	   0.345	   7288.09235408	   5091.45651438
596968900	   0.345	   7294.38258035	   5093.38585448
598472600	   0.345	   7317.31077401	   5105.62200086
599976300	   0.345	   7325.86249916	   5112.13671489
601480000	   0.345	   7335.91173306	   5116.57135041
602983700	   0.341	   7318.89951932	   5100.15895030
604487400	   0.342	   7334.54225768	   5110.40575021
605991100	   0.341	   7348.25908499	   5115.77470840
607494800	   0.341	   7361.16666296	   5120.07971988
608998500	   0.341	   7373.67417732	   5127.05833537
610502200	   0.340	   7388.08321478	   5131.10412428
612005900	   0.341	   7411.17113567	   5141.46595011
613509600	   0.340	   7416.04926601	   5137.90702122
615013300	   0.341	   7426.68651414	   5143.66387456
616517000	   0.341	   7438.71749050	   5147.91441487
618020700	   0.342	   7457.60894407	   5156.63181269
619524400	   0.343	   7470.59209027	   5161.69196390
621028100	   0.344	   7490.29519028	   5170.82507929
622531800	   0.345	   7502.72300304	   5175.56451787
624035500	   0.345	   7512.97278111	   5180.62600534
625539200	   0.345	   7539.60891659	   5177.37144403
627042900	   0.346	   7556.81173710	   5184.10153980
628546600	   0.346	   7574.42314403	   5191.64160935
630050300	   0.347	   7592.28754268	   5200.02546607
631554000	   0.348	   7611.34044921	   5211.83244144
633057700	   0.348	   7627.39810198	   5216.24095199
634561400	   0.348	   7639.54882028	   5218.00490009
636065100	   0.349	   7655.18928811	   5228.15829067
637568800	   0.349	   7678.70650758	   5238.73015594
639072500	   0.350	   7689.06983220	   5245.37952297
640576200	   0.351	   7165.25985111	   5069.51300033
642079900	   0.353	   7181.21433587	   5075.99024322
643583600	   0.352	   7183.64606642	   5078.96131252
645087300	   0.352	   7199.84682561	   5086.15545513
