488	   0.000	      1.70932161	      1.70932161
571	   0.000	      1.57584886	      1.42880682
643	   0.000	      1.72326395	      1.37164330
708	   0.000	      1.14697796	      1.14697796
767	   0.000	      1.08682238	      1.08682238
822	   0.000	      1.06106379	      1.06106379
871	   0.000	      0.98667853	      0.98667853
913	   0.000	      1.04669340	      0.90328357
945	   0.000	      0.99548870	      0.93130614
972	   0.000	      0.89598778	      0.89598778
993	   0.000	      0.95030712	      0.85958148
1002	   0.000	      0.94588022	      0.86212615
1004	   0.000	      0.96114416	      0.85068530
1004	   0.000	      0.96114416	      0.85068530
1005	   0.000	      0.96249390	      0.85971978
1006	   0.000	      0.96158608	      0.85833503
1007	   0.000	      0.94636991	      0.86273002
1008	   0.000	      0.93986131	      0.87222814
1009	   0.000	      0.93064354	      0.87785727
1010	   0.000	      0.87989789	      0.87989789
1011	   0.000	      0.88751839	      0.88751839
1012	   0.000	      0.90379225	      0.90379225
1013	   0.000	      0.90288506	      0.90288506
1014	   0.000	      0.89662735	      0.89662735
1015	   0.000	      0.90288872	      0.90288872
1016	   0.000	      0.90281322	      0.90281322
1017	   0.000	      0.91249430	      0.91249430
1018	   0.000	      0.91376396	      0.91376396
1019	   0.000	      0.91680534	      0.91680534
1020	   0.000	      0.91715844	      0.91715844
1021	   0.000	      0.91818281	      0.91818281
1022	   0.000	      0.89951431	      0.89951431
1023	   0.000	      0.89972322	      0.89972322
1024	   0.000	      0.90089241	      0.90089241
1025	   0.000	      0.90103565	      0.90103565
1026	   0.000	      0.90752715	      0.90752715
1027	   0.000	      0.90896476	      0.90896476
1028	   0.000	      0.90857369	      0.90857369
1029	   0.000	      0.90741769	      0.90741769
1030	   0.000	      0.90945357	      0.90945357
1031	   0.000	      0.91039424	      0.91039424
1032	   0.000	      0.90534364	      0.90534364
1033	   0.000	      0.89530622	      0.89530622
1034	   0.000	      0.89741590	      0.89741590
1035	   0.000	      0.88951090	      0.88951090
1036	   0.000	      0.88887525	      0.88887525
1037	   0.000	      0.88889425	      0.88889425
1038	   0.000	      0.88933592	      0.88933592
1039	   0.000	      0.88573571	      0.88573571
1040	   0.000	      0.92681944	      0.86935982
1041	   0.000	      0.93197499	      0.86983501
1042	   0.000	      0.94461872	      0.86254473
1043	   0.000	      0.94527174	      0.85379667
1044	   0.000	      0.94383511	      0.86138379
1045	   0.000	      0.94599603	      0.85858344
1046	   0.000	      0.95256461	      0.86607263
1047	   0.000	      0.95075002	      0.86444252
1048	   0.000	      0.95205925	      0.86271768
1049	   0.000	      0.94884841	      0.85984857
1050	   0.000	      0.94875106	      0.86215136
1051	   0.000	      0.94947035	      0.87077315
1052	   0.000	      0.95454659	      0.87019544
1053	   0.000	      0.96072030	      0.87134274
1054	   0.000	      0.96599660	      0.86772604
1055	   0.000	      0.98088372	      0.86600226
1056	   0.000	      0.98790694	      0.86444864
1057	   0.000	      0.98567876	      0.86387706
1058	   0.000	      0.96685567	      0.87107842
1059	   0.000	      0.94993986	      0.86708360
1060	   0.000	      0.93529678	      0.86789193
1061	   0.000	      0.87132967	      0.87132967
1062	   0.000	      0.87241730	      0.87241730
1063	   0.000	      0.87073941	      0.87073941
1064	   0.000	      0.87258523	      0.87258523
1065	   0.000	      0.87122308	      0.87122308
1066	   0.000	      0.86728965	      0.86728965
1067	   0.000	      0.86780148	      0.86780148
1068	   0.000	      0.87097790	      0.87097790
1069	   0.000	      0.87441200	      0.87441200
1070	   0.000	      0.88660260	      0.88660260
1071	   0.000	      0.88635478	      0.88635478
1072	   0.000	      0.88522968	      0.88522968
1073	   0.000	      0.88320707	      0.88320707
1074	   0.000	      0.88401731	      0.88401731
1075	   0.000	      0.88575281	      0.88575281
1076	   0.000	      0.88316098	      0.88316098
1077	   0.000	      0.88222627	      0.88222627
1078	   0.000	      0.88473580	      0.88473580
1079	   0.000	      0.88068983	      0.88068983
1080	   0.000	      0.88621104	      0.88621104
1081	   0.000	      0.89184327	      0.89184327
1082	   0.000	      0.89248192	      0.89248192
1083	   0.000	      0.89187117	      0.89187117
1084	   0.000	      0.88345956	      0.88345956
1085	   0.000	      0.87801177	      0.87801177
1086	   0.000	      0.87389992	      0.87389992
1087	   0.000	      0.87483658	      0.87483658
1088	   0.000	      0.86912270	      0.86912270
1089	   0.000	      0.87788867	      0.87788867
1090	   0.000	      0.87723099	      0.87723099
1091	   0.000	      0.87687183	      0.87687183
1092	   0.000	      0.87488239	      0.87488239
1093	   0.000	      0.87925832	      0.87925832
1094	   0.000	      0.87235402	      0.87235402
1095	   0.000	      0.87211057	      0.87211057
1096	   0.000	      0.86957843	      0.86957843
1097	   0.000	      0.86727488	      0.86727488
1098	   0.000	      0.86978488	      0.86978488
1099	   0.000	      0.87264368	      0.87264368
1100	   0.000	      0.87198119	      0.87198119
1101	   0.000	      0.86728018	      0.86728018
1102	   0.000	      0.86615645	      0.86615645
1103	   0.000	      0.86622316	      0.86622316
1104	   0.000	      0.86388563	      0.86388563
1105	   0.000	      0.86294095	      0.86294095
1106	   0.000	      0.86043098	      0.86043098
1107	   0.000	      0.86115430	      0.86115430
1108	   0.000	      0.86493946	      0.86493946
1109	   0.000	      0.86613056	      0.86613056
1110	   0.000	      0.86377272	      0.86377272
1111	   0.000	      0.86467899	      0.86467899
1112	   0.000	      0.86188269	      0.86188269
1113	   0.000	      0.86215566	      0.86215566
1114	   0.000	      0.84862024	      0.84862024
1115	   0.000	      0.84860888	      0.84860888
1116	   0.000	      0.84853488	      0.84853488
1117	   0.000	      0.84707825	      0.84707825
1118	   0.000	      0.85005026	      0.85005026
1119	   0.000	      0.84775439	      0.84775439
1120	   0.000	      0.85000582	      0.85000582
1121	   0.000	      0.84356017	      0.84356017
1122	   0.000	      0.84972819	      0.84972819
1123	   0.000	      0.85030100	      0.85030100
1124	   0.000	      0.84890103	      0.84890103
1125	   0.000	      0.84841651	      0.84841651
1126	   0.000	      0.85237795	      0.85237795
1127	   0.000	      0.84981097	      0.84981097
1128	   0.000	      0.84870135	      0.84870135
1129	   0.000	      0.84281664	      0.84281664
1130	   0.000	      0.84003179	      0.84003179
1131	   0.000	      0.84254746	      0.84254746
1132	   0.000	      0.84706006	      0.84706006
1133	   0.000	      0.84038646	      0.84038646
1134	   0.000	      0.83531885	      0.83531885
1135	   0.000	      0.82846674	      0.82846674
1136	   0.000	      0.82790142	      0.82790142
1137	   0.000	      0.84472264	      0.84472264
1138	   0.000	      0.84368476	      0.84368476
1139	   0.000	      0.83522367	      0.83522367
1140	   0.000	      0.84215740	      0.84215740
1141	   0.000	      0.84074091	      0.84074091
1142	   0.000	      0.83978013	      0.83978013
1143	   0.000	      0.84113660	      0.84113660
1144	   0.000	      0.84257605	      0.84257605
1145	   0.000	      0.84066045	      0.84066045
1146	   0.000	      0.83928791	      0.83928791
1147	   0.000	      0.84055881	      0.84055881
1148	   0.000	      0.84119093	      0.84119093
1149	   0.000	      0.84279850	      0.84279850
1150	   0.000	      0.84273763	      0.84273763
1151	   0.000	      0.84097447	      0.84097447
1152	   0.000	      0.84129831	      0.84129831
1153	   0.000	      0.84190961	      0.84190961
1154	   0.000	      0.84004137	      0.84004137
1155	   0.000	      0.83631753	      0.83631753
1156	   0.000	      0.83501309	      0.83501309
1157	   0.000	      0.83658058	      0.83658058
1158	   0.000	      0.84024008	      0.84024008
1159	   0.000	      0.83324314	      0.83324314
1160	   0.000	      0.83429802	      0.83429802
1161	   0.000	      0.83285710	      0.83285710
1162	   0.000	      0.82766581	      0.82766581
1163	   0.000	      0.82799791	      0.82799791
1164	   0.000	      0.81204393	      0.81204393
1165	   0.000	      0.81277907	      0.81277907
1166	   0.000	      0.80811025	      0.80811025
1167	   0.000	      0.81660149	      0.81660149
1168	   0.000	      0.81258631	      0.81258631
1169	   0.000	      0.81937996	      0.81937996
1170	   0.000	      0.81754855	      0.81754855
1171	   0.000	      0.81179936	      0.81179936
1172	   0.000	      0.81444739	      0.81444739
1173	   0.000	      0.81404571	      0.81404571
1174	   0.000	      0.81435940	      0.81435940
1175	   0.000	      0.81093795	      0.81093795
1176	   0.000	      0.82519375	      0.82519375
1177	   0.000	      0.82874561	      0.82874561
1178	   0.000	      0.81858495	      0.81858495
1179	   0.000	      0.82058047	      0.82058047
1180	   0.000	      0.82599158	      0.82599158
1181	   0.000	      0.82746791	      0.82746791
1182	   0.000	      0.82765812	      0.82765812
1183	   0.000	      0.82233282	      0.82233282
1184	   0.000	      0.82167428	      0.82167428
1185	   0.000	      0.82064816	      0.82064816
1186	   0.000	      0.82129339	      0.82129339
1187	   0.000	      0.82276970	      0.82276970
1188	   0.000	      0.80947231	      0.80947231
1189	   0.000	      0.80919475	      0.80919475
1190	   0.000	      0.81500063	      0.81500063
1191	   0.000	      0.82962493	      0.82962493
1192	   0.000	      0.82959307	      0.82959307
1193	   0.000	      0.82711644	      0.82711644
1194	   0.000	      0.83133650	      0.83133650
1195	   0.000	      0.83161073	      0.83161073
1196	   0.000	      0.84293743	      0.84293743
1197	   0.000	      0.84365074	      0.84365074
1198	   0.000	      0.84296731	      0.84296731
1199	   0.000	      0.84317416	      0.84317416
1200	   0.000	      0.84773808	      0.84773808
1201	   0.000	      0.84710872	      0.84710872
1202	   0.000	      0.84454119	      0.84454119
1203	   0.000	      0.84657587	      0.84657587
1204	   0.000	      0.84822088	      0.84822088
1205	   0.000	      0.84566562	      0.84566562
1206	   0.000	      0.84601221	      0.84601221
1207	   0.000	      0.84607751	      0.84607751
1208	   0.000	      0.84891840	      0.84891840
1209	   0.000	      0.85159708	      0.85159708
1210	   0.000	      0.83721921	      0.83721921
1211	   0.000	      0.83706361	      0.83706361
1212	   0.000	      0.83366468	      0.83366468
1213	   0.000	      0.83301498	      0.83301498
1214	   0.000	      0.83541324	      0.83541324
1215	   0.000	      0.83483400	      0.83483400
1216	   0.000	      0.83289305	      0.83289305
1217	   0.000	      0.83113058	      0.83113058
1218	   0.000	      0.82885438	      0.82885438
1219	   0.000	      0.82801094	      0.82801094
1220	   0.000	      0.82840050	      0.82840050
1221	   0.000	      0.83442947	      0.83442947
1222	   0.000	      0.83615614	      0.83615614
1223	   0.000	      0.83061930	      0.83061930
1224	   0.000	      0.83291196	      0.83291196
1225	   0.000	      0.82613456	      0.82613456
1226	   0.000	      0.81911065	      0.81911065
1227	   0.000	      0.81570347	      0.81570347
1228	   0.000	      0.78751657	      0.78751657
1229	   0.000	      0.78341895	      0.78341895
1230	   0.000	      0.77389109	      0.77389109
1231	   0.000	      0.77493472	      0.77493472
1232	   0.000	      0.77276147	      0.77276147
1233	   0.000	      0.77282624	      0.77282624
1234	   0.000	      0.76504161	      0.76504161
1235	   0.000	      0.76537346	      0.76537346
1236	   0.000	      0.76426909	      0.76426909
1237	   0.000	      0.76591904	      0.76591904
1238	   0.000	      0.76873469	      0.76873469
1239	   0.000	      0.76468541	      0.76468541
1240	   0.000	      0.76266134	      0.76266134
1241	   0.000	      0.76055486	      0.76055486
1242	   0.000	      0.75948274	      0.75948274
1243	   0.000	      0.76200375	      0.76200375
1244	   0.000	      0.76398233	      0.76398233
1245	   0.000	      0.77313307	      0.77313307
1246	   0.000	      0.77963129	      0.77963129
1247	   0.000	      0.77987416	      0.77987416
1248	   0.000	      0.77480936	      0.77480936
1249	   0.000	      0.78004779	      0.78004779
1250	   0.000	      0.78174904	      0.78174904
1251	   0.000	      0.77952501	      0.77952501
1252	   0.000	      0.77938682		      0.77938682
1253	   0.000	      0.77745123	      0.77745123
1254	   0.000	      0.78248870	      0.78248870
1255	   0.000	      0.78196685	      0.78196685
1256	   0.000	      0.78128336	      0.78128336
1257	   0.000	      0.78319652	      0.78319652
1258	   0.000	      0.77843516	      0.77843516
1259	   0.000	      0.77957585	      0.77957585
1260	   0.000	      0.77943550	      0.77943550
1261	   0.000	      0.77872758	      0.77872758
1262	   0.000	      0.77416129	      0.77416129
1263	   0.000	      0.77344965	      0.77344965
1264	   0.000	      0.77284476	      0.77284476
1265	   0.000	      0.76919712	      0.76919712
1266	   0.000	      0.77812372	      0.77812372
1267	   0.000	      0.78005547	      0.78005547
1268	   0.000	      0.78014240	      0.78014240
1269	   0.000	      0.77727790	      0.77727790
1270	   0.000	      0.77652113	      0.77652113
1271	   0.000	      0.77745262	      0.77745262
1272	   0.000	      0.77791249	      0.77791249
1273	   0.000	      0.78112284	      0.78112284
1274	   0.000	      0.78153745	      0.78153745
1275	   0.000	      0.78208854	      0.78208854
1276	   0.000	      0.79167630	      0.79167630
1277	   0.000	      0.78799704	      0.78799704
1278	   0.000	      0.78546153	      0.78546153
1279	   0.000	      0.78624529	      0.78624529
1280	   0.000	      0.78161058	      0.78161058
1281	   0.000	      0.77709320	      0.77709320
1282	   0.000	      0.77705333	      0.77705333
1283	   0.000	      0.77279298	      0.77279298
1284	   0.000	      0.77313354	      0.77313354
1285	   0.000	      0.77939154	      0.77939154
1286	   0.000	      0.77937831	      0.77937831
1287	   0.000	      0.78028713	      0.78028713
1288	   0.000	      0.78022865	      0.78022865
1289	   0.000	      0.78000300	      0.78000300
1290	   0.000	      0.77995871	      0.77995871
1291	   0.000	      0.77995071	      0.77995071
1292	   0.000	      0.77188184	      0.77188184
1293	   0.000	      0.77205228	      0.77205228
1294	   0.000	      0.76568878	      0.76568878
1295	   0.000	      0.76427669	      0.76427669
1296	   0.000	      0.76481184	      0.76481184
1297	   0.000	      0.76658931	      0.76658931
1298	   0.000	      0.76594506	      0.76594506
1299	   0.000	      0.76672613	      0.76672613
1300	   0.000	      0.76861996	      0.76861996
1301	   0.000	      0.76448866	      0.76448866
1302	   0.000	      0.76183801	      0.76183801
1303	   0.000	      0.75872716	      0.75872716
1304	   0.000	      0.76234255	      0.76234255
1305	   0.000	      0.76417037	      0.76417037
1306	   0.000	      0.76408400	      0.76408400
1307	   0.000	      0.76163529	      0.76163529
1308	   0.000	      0.76054440	      0.76054440
1309	   0.000	      0.75753059	      0.75753059
1310	   0.000	      0.75826314	      0.75826314
1311	   0.000	      0.75829647	      0.75829647
1312	   0.000	      0.75709562	      0.75709562
1313	   0.000	      0.75454099	      0.75454099
1314	   0.000	      0.75463124	      0.75463124
1315	   0.000	      0.75271027	      0.75271027
1316	   0.000	      0.76943739	      0.76943739
1317	   0.000	      0.75739512	      0.75739512
1318	   0.000	      0.75892071	      0.75892071
1319	   0.000	      0.75850070	      0.75850070
1320	   0.000	      0.75896436	      0.75896436
1321	   0.000	      0.75675158	      0.75675158
1322	   0.000	      0.75576277	      0.75576277
1323	   0.000	      0.75488967	      0.75488967
1324	   0.000	      0.75891349	      0.75891349
1325	   0.000	      0.75929051	      0.75929051
1326	   0.000	      0.75990978	      0.75990978
1327	   0.000	      0.76059234	      0.76059234
1328	   0.000	      0.76355436	      0.76355436
1329	   0.000	      0.76500229	      0.76500229
1330	   0.000	      0.76492764	      0.76492764
1331	   0.000	      0.76482066	      0.76482066
1332	   0.000	      0.76852578	      0.76852578
1333	   0.000	      0.76948894	      0.76948894
1334	   0.000	      0.76801621	      0.76801621
1335	   0.000	      0.76568978	      0.76568978
1336	   0.000	      0.76069428	      0.76069428
1337	   0.000	      0.75998826	      0.75998826
1338	   0.000	      0.76818970	      0.76818970
1339	   0.000	      0.76734483	      0.76734483
1340	   0.000	      0.77521964	      0.77521964
1341	   0.000	      0.77498030	      0.77498030
1342	   0.000	      0.77523320	      0.77523320
1343	   0.000	      0.77468038	      0.77468038
1344	   0.000	      0.77448729	      0.77448729
1345	   0.000	      0.77454954	      0.77454954
1346	   0.000	      0.77262698	      0.77262698
1347	   0.000	      0.77493616	      0.77493616
1348	   0.000	      0.77666508	      0.77666508
1349	   0.000	      0.77838591	      0.77838591
1350	   0.000	      0.78067627	      0.78067627
1351	   0.000	      0.78083364	      0.78083364
1352	   0.000	      0.78034717	      0.78034717
1353	   0.000	      0.78483624	      0.78483624
1354	   0.000	      0.78970516	      0.78970516
1355	   0.000	      0.78916068	      0.78916068
1356	   0.000	      0.78495760	      0.78495760
1357	   0.000	      0.78177374	      0.78177374
1358	   0.000	      0.78284939	      0.78284939
1359	   0.000	      0.78262069	      0.78262069
1360	   0.000	      0.78071369	      0.78071369
1361	   0.000	      0.78111200	      0.78111200
1362	   0.000	      0.78010549	      0.78010549
1363	   0.000	      0.76966633	      0.76966633
1364	   0.000	      0.76780497	      0.76780497
1365	   0.000	      0.76908605	      0.76908605
1366	   0.000	      0.76808284	      0.76808284
1367	   0.000	      0.77022753	      0.77022753
1368	   0.000	      0.77245664	      0.77245664
1369	   0.000	      0.77174309	      0.77174309
1370	   0.000	      0.77288606	      0.77288606
1371	   0.000	      0.77208302	      0.77208302
1372	   0.000	      0.77533590	      0.77533590
1373	   0.000	      0.77619504	      0.77619504
1374	   0.000	      0.77151881	      0.77151881
1375	   0.000	      0.77356473	      0.77356473
1376	   0.000	      0.77316917	      0.77316917
1377	   0.000	      0.77287908	      0.77287908
1378	   0.000	      0.77137899	      0.77137899
1379	   0.000	      0.76968873	      0.76968873
1380	   0.000	      0.76960661	      0.76960661
1381	   0.000	      0.76967805	      0.76967805
1382	   0.000	      0.76819909	      0.76819909
1383	   0.000	      0.76356063	      0.76356063
1384	   0.000	      0.76342146	      0.76342146
1385	   0.000	      0.76252460	      0.76252460
1386	   0.000	      0.76252536	      0.76252536
1387	   0.000	      0.76242434	      0.76242434
1388	   0.000	      0.76457261	      0.76457261
1389	   0.000	      0.76467004	      0.76467004
1390	   0.000	      0.76696972	      0.76696972
1391	   0.000	      0.76671381	      0.76671381
1392	   0.000	      0.76636640	      0.76636640
1393	   0.000	      0.76646996	      0.76646996
1394	   0.000	      0.76956041	      0.76956041
1395	   0.000	      0.77026660	      0.77026660
1396	   0.000	      0.77222204	      0.77222204
1397	   0.000	      0.77335490	      0.77335490
1398	   0.000	      0.77358959	      0.77358959
1399	   0.000	      0.77476491	      0.77476491
1400	   0.000	      0.77569583	      0.77569583
1401	   0.000	      0.77366673	      0.77366673
1402	   0.000	      0.77106223	      0.77106223
1403	   0.000	      0.76945944	      0.76945944
1404	   0.000	      0.77065816	      0.77065816
1405	   0.000	      0.77176078	      0.77176078
1406	   0.000	      0.78284979	      0.78284979
1407	   0.000	      0.77344193	      0.77344193
1408	   0.000	      0.78469344	      0.78469344
1409	   0.000	      0.79363604	      0.79363604
1410	   0.000	      0.79193930	      0.79193930
1411	   0.000	      0.79520053	      0.79520053
1412	   0.000	      0.79528547	      0.79528547
1413	   0.000	      0.79502687	      0.79502687
1414	   0.000	      0.79011598	      0.79011598
1415	   0.000	      0.79017796	      0.79017796
1416	   0.000	      0.79093705	      0.79093705
1417	   0.000	      0.79105491	      0.79105491
1418	   0.000	      0.79095557	      0.79095557
1419	   0.000	      0.78837402	      0.78837402
1420	   0.000	      0.78924613	      0.78924613
1421	   0.000	      0.78393501	      0.78393501
1422	   0.000	      0.78244102	      0.78244102
1423	   0.000	      0.78329319	      0.78329319
1424	   0.000	      0.78188330	      0.78188330
1425	   0.000	      0.78203044	      0.78203044
1426	   0.000	      0.77306735	      0.77306735
1427	   0.000	      0.77217768	      0.77217768
1428	   0.000	      0.77211965	      0.77211965
1429	   0.000	      0.77350113	      0.77350113
1430	   0.000	      0.77505662	      0.77505662
1431	   0.000	      0.77562996	      0.77562996
1432	   0.000	      0.76938229	      0.76938229
1433	   0.000	      0.77047883	      0.77047883
1434	   0.000	      0.77266801	      0.77266801
1435	   0.000	      0.78077263	      0.78077263
1436	   0.000	      0.77716029	      0.77716029
1437	   0.000	      0.77005981	      0.77005981
1438	   0.000	      0.77551037	      0.77551037
1439	   0.000	      0.77669546	      0.77669546
1440	   0.000	      0.77210995	      0.77210995
1441	   0.000	      0.77166681	      0.77166681
1442	   0.000	      0.76673251	      0.76673251
1443	   0.000	      0.77206450	      0.77206450
1444	   0.000	      0.76863189	      0.76863189
1445	   0.000	      0.76564399	      0.76564399
1446	   0.000	      0.76384784	      0.76384784
1447	   0.000	      0.76542344	      0.76542344
1448	   0.000	      0.75958662	      0.75958662
1449	   0.000	      0.75971239	      0.75971239
1450	   0.000	      0.76141111	      0.76141111
1451	   0.000	      0.76139573	      0.76139573
1452	   0.000	      0.76055402	      0.76055402
1453	   0.000	      0.75780877	      0.75780877
1454	   0.000	      0.75736988	      0.75736988
1455	   0.000	      0.75739125	      0.75739125
1456	   0.000	      0.76115045	      0.76115045
1457	   0.000	      0.76091170	      0.76091170
1458	   0.000	      0.76280254	      0.76280254
1459	   0.000	      0.76209081	      0.76209081
1460	   0.000	      0.76215220	      0.76215220
1461	   0.000	      0.76204510	      0.76204510
1462	   0.000	      0.76355410	      0.76355410
1463	   0.000	      0.76232366	      0.76232366
1464	   0.000	      0.76198638	      0.76198638
1465	   0.000	      0.76261791	      0.76261791
1466	   0.000	      0.76335209	      0.76335209
1467	   0.000	      0.76443346	      0.76443346
1468	   0.000	      0.76650788	      0.76650788
1469	   0.000	      0.75714778	      0.75714778
1470	   0.000	      0.75552453	      0.75552453
1471	   0.000	      0.75479152	      0.75479152
1472	   0.000	      0.75231181	      0.75231181
1473	   0.000	      0.75285242	      0.75285242
1474	   0.000	      0.74938979	      0.74938979
1475	   0.000	      0.75066442	      0.75066442
1476	   0.000	      0.75089000	      0.75089000
1477	   0.000	      0.75112774	      0.75112774
1478	   0.000	      0.75130431	      0.75130431
1479	   0.000	      0.75134369	      0.75134369
1480	   0.000	      0.74098874	      0.74098874
1481	   0.000	      0.73163296	      0.73163296
1482	   0.000	      0.74062429	      0.74062429
1483	   0.000	      0.73920927	      0.73920927
1484	   0.000	      0.73288302	      0.73288302
1485	   0.000	      0.73540979	      0.73540979
1486	   0.000	      0.75600412	      0.75600412
1487	   0.000	      0.75759508	      0.75759508
1488	   0.000	      0.75522375	      0.75522375
1489	   0.000	      0.75200872	      0.75200872
1490	   0.000	      0.75401281	      0.75401281
1491	   0.000	      0.75355618	      0.75355618
1492	   0.000	      0.74892618	      0.74892618
1493	   0.000	      0.74881004	      0.74881004
1494	   0.000	      0.74095422	      0.74095422
1495	   0.000	      0.74164051	      0.74164051
1496	   0.000	      0.73956589	      0.73956589
1497	   0.000	      0.73835055	      0.73835055
1498	   0.000	      0.74094804	      0.74094804
1499	   0.000	      0.73918184	      0.73918184
1500	   0.000	      0.74141498	      0.74141498
1501	   0.000	      0.74214519	      0.74214519
1502	   0.000	      0.74728671	      0.74728671
1503	   0.000	      0.74442019	      0.74442019
1504	   0.000	      0.74451264	      0.74451264
1505	   0.000	      0.74497387	      0.74497387
1506	   0.000	      0.74688133	      0.74688133
1507	   0.000	      0.74672848	      0.74672848
1508	   0.000	      0.74887141	      0.74887141
1509	   0.000	      0.74944772	      0.74944772
1510	   0.000	      0.75059495	      0.75059495
1511	   0.000	      0.74476234	      0.74476234
1512	   0.000	      0.74548909	      0.74548909
1513	   0.000	      0.74328370	      0.74328370
1514	   0.000	      0.74050473	      0.74050473
1515	   0.000	      0.74204656	      0.74204656
1516	   0.000	      0.74539589	      0.74539589
1517	   0.000	      0.74553512	      0.74553512
1518	   0.000	      0.74410513	      0.74410513
1519	   0.000	      0.74345303	      0.74345303
1520	   0.000	      0.74417236	      0.74417236
1521	   0.000	      0.74807151	      0.74807151
1522	   0.000	      0.74168020	      0.74168020
1523	   0.000	      0.73787891	      0.73787891
1524	   0.000	      0.73538605	      0.73538605
1525	   0.000	      0.73473283	      0.73473283
1526	   0.000	      0.73003578	      0.73003578
1527	   0.000	      0.73568923	      0.73568923
1528	   0.000	      0.73378370	      0.73378370
1529	   0.000	      0.73163343	      0.73163343
1530	   0.000	      0.73193339	      0.73193339
1531	   0.000	      0.73500947	      0.73500947
1532	   0.000	      0.73533904	      0.73533904
1533	   0.000	      0.74009609	      0.74009609
1534	   0.000	      0.73861897	      0.73861897
1535	   0.000	      0.73414076	      0.73414076
1536	   0.000	      0.73180005	      0.73180005
1537	   0.000	      0.73119595	      0.73119595
1538	   0.000	      0.73737764	      0.73737764
1539	   0.000	      0.73492894	      0.73492894
1540	   0.000	      0.73295889	      0.73295889
1541	   0.000	      0.73171507	      0.73171507
1542	   0.000	      0.72924406	      0.72924406
1543	   0.000	      0.72599006	      0.72599006
1544	   0.000	      0.72130420	      0.72130420
1545	   0.000	      0.72182354	      0.72182354
1546	   0.000	      0.71991078	      0.71991078
1547	   0.000	      0.72451934	      0.72451934
1548	   0.000	      0.72279506	      0.72279506
1549	   0.000	      0.71934193	      0.71934193
1550	   0.000	      0.72358484	      0.72358484
1551	   0.000	      0.72629587	      0.72629587
1552	   0.000	      0.72513051	      0.72513051
1553	   0.000	      0.72663176	      0.72663176
1554	   0.000	      0.72742742	      0.72742742
1555	   0.000	      0.72822281	      0.72822281
1556	   0.000	      0.72881320	      0.72881320
1557	   0.000	      0.72755890	      0.72755890
1558	   0.000	      0.73191202	      0.73191202
1559	   0.000	      0.73153549	      0.73153549
1560	   0.000	      0.73807911	      0.73807911
1561	   0.000	      0.73679346	      0.73679346
1562	   0.000	      0.73584959	      0.73584959
1563	   0.000	      0.73063870	      0.73063870
1564	   0.000	      0.73131048	      0.73131048
1565	   0.000	      0.73304938	      0.73304938
1566	   0.000	      0.73606486	      0.73606486
1567	   0.000	      0.73637895	      0.73637895
1568	   0.000	      0.73831822	      0.73831822
1569	   0.000	      0.73914182	      0.73914182
1570	   0.000	      0.74058240	      0.74058240
1571	   0.000	      0.74410574	      0.74410574
1572	   0.000	      0.74412967	      0.74412967
1573	   0.000	      0.74278489	      0.74278489
1574	   0.000	      0.73918983	      0.73918983
1575	   0.000	      0.73786926	      0.73786926
1576	   0.000	      0.73886178	      0.73886178
1577	   0.000	      0.73775561	      0.73775561
1578	   0.000	      0.73916043	      0.73916043
1579	   0.000	      0.73845121	      0.73845121
1580	   0.000	      0.74007299	      0.74007299
1581	   0.000	      0.74189491	      0.74189491
1582	   0.000	      0.74100216	      0.74100216
1583	   0.000	      0.73973485	      0.73973485
1584	   0.000	      0.73728621	      0.73728621
1585	   0.000	      0.72807799	      0.72807799
1586	   0.000	      0.72770353	      0.72770353
1587	   0.000	      0.72305770	      0.72305770
1588	   0.000	      0.72598318	      0.72598318
1589	   0.000	      0.72674905	      0.72674905
1590	   0.000	      0.73215492	      0.73215492
1591	   0.000	      0.72478259	      0.72478259
1592	   0.000	      0.71767161	      0.71767161
1593	   0.000	      0.71847657	      0.71847657
1594	   0.000	      0.72135309	      0.72135309
1595	   0.000	      0.71384493	      0.71384493
1596	   0.000	      0.71191771	      0.71191771
1597	   0.000	      0.71155144	      0.71155144
1598	   0.000	      0.71361455	      0.71361455
1599	   0.000	      0.71292806	      0.71292806
1600	   0.000	      0.72440829	      0.72440829
1601	   0.000	      0.72393085	      0.72393085
1602	   0.000	      0.71774472	      0.71774472
1603	   0.000	      0.71782798	      0.71782798
1604	   0.000	      0.71876422	      0.71876422
1605	   0.000	      0.72410373	      0.72410373
1606	   0.000	      0.73202422	      0.73202422
1607	   0.000	      0.72775577	      0.72775577
1608	   0.000	      0.72662439	      0.72662439
1609	   0.000	      0.73065153	      0.73065153
1610	   0.000	      0.72913402	      0.72913402
1611	   0.000	      0.72755410	      0.72755410
1612	   0.000	      0.72699870	      0.72699870
1613	   0.000	      0.72425329	      0.72425329
1614	   0.000	      0.72478848	      0.72478848
1615	   0.000	      0.72481279	      0.72481279
1616	   0.000	      0.72134997	      0.72134997
1617	   0.000	      0.72025601	      0.72025601
1618	   0.000	      0.72210789	      0.72210789
1619	   0.000	      0.72437623	      0.72437623
1620	   0.000	      0.71096850	      0.71096850
1621	   0.000	      0.71064009	      0.71064009
1622	   0.000	      0.71126019	      0.71126019
1623	   0.000	      0.71020646	      0.71020646
1624	   0.000	      0.70862526	      0.70862526
1625	   0.000	      0.70514603	      0.70514603
1626	   0.000	      0.70420084	      0.70420084
1627	   0.000	      0.71007010	      0.71007010
1628	   0.000	      0.70819156	      0.70819156
1629	   0.000	      0.70976383	      0.70976383
1630	   0.000	      0.71140537	      0.71140537
1631	   0.000	      0.70110861	      0.70110861
1632	   0.000	      0.70119221	      0.70119221
1633	   0.000	      0.69663093	      0.69663093
1634	   0.000	      0.69404839	      0.69404839
1635	   0.000	      0.69511776	      0.69511776
1636	   0.000	      0.69823408	      0.69823408
1637	   0.000	      0.70200455	      0.70200455
1638	   0.000	      0.69711730	      0.69711730
1639	   0.000	      0.70382654	      0.70382654
1640	   0.000	      0.70218719	      0.70218719
1641	   0.000	      0.68972529	      0.68972529
1642	   0.000	      0.69978269	      0.69978269
1643	   0.000	      0.70414643	      0.70414643
1644	   0.000	      0.68476562	      0.68476562
1645	   0.000	      0.68787062	      0.68787062
1646	   0.000	      0.69105035	      0.69105035
1647	   0.000	      0.67942417	      0.67942417
1648	   0.000	      0.69026526	      0.69026526
1649	   0.000	      0.69400201	      0.69400201
1650	   0.000	      0.68635557	      0.68635557
1651	   0.000	      0.69427071	      0.69427071
1652	   0.000	      0.69898137	      0.69898137
1653	   0.000	      0.70204056	      0.70204056
1654	   0.000	      0.69681869	      0.69681869
1655	   0.000	      0.69227400	      0.69227400
1656	   0.000	      0.69715577	      0.69715577
1657	   0.000	      0.68943863	      0.68943863
1658	   0.000	      0.69231212	      0.69231212
1659	   0.000	      0.70086970	      0.70086970
1660	   0.000	      0.69792267	      0.69792267
1661	   0.000	      0.70012590	      0.70012590
1662	   0.000	      0.71015218	      0.71015218
1663	   0.000	      0.71812336	      0.71812336
1664	   0.000	      0.73230940	      0.73230940
1665	   0.000	      0.73502419	      0.73502419
1666	   0.000	      0.73032226	      0.73032226
1667	   0.000	      0.73001432	      0.73001432
1668	   0.000	      0.72974058	      0.72974058
1669	   0.000	      0.72705013	      0.72705013
1670	   0.000	      0.72024645	      0.72024645
1671	   0.000	      0.72862275	      0.72862275
1672	   0.000	      0.73129015	      0.73129015
1673	   0.000	      0.72608004	      0.72608004
1674	   0.000	      0.72440420	      0.72440420
1675	   0.000	      0.71768382	      0.71768382
1676	   0.000	      0.72317626	      0.72317626
1677	   0.000	      0.72553126	      0.72553126
1678	   0.000	      0.72417265	      0.72417265
1679	   0.000	      0.72011414	      0.72011414
1680	   0.000	      0.72123789	      0.72123789
1681	   0.000	      0.72394037	      0.72394037
1682	   0.000	      0.72470449	      0.72470449
1683	   0.000	      0.72074793	      0.72074793
1684	   0.000	      0.72097180	      0.72097180
1685	   0.000	      0.72808297	      0.72808297
1686	   0.000	      0.72688953	      0.72688953
1687	   0.000	      0.72943092	      0.72943092
1688	   0.000	      0.72947449	      0.72947449
1689	   0.000	      0.72824400	      0.72824400
1690	   0.000	      0.72724125	      0.72724125
1691	   0.000	      0.72742653	      0.72742653
1692	   0.000	      0.72933512	      0.72933512
1693	   0.000	      0.73172323	      0.73172323
1694	   0.000	      0.73442525	      0.73442525
1695	   0.000	      0.73018277	      0.73018277
1696	   0.000	      0.72784239	      0.72784239
1697	   0.000	      0.72772981	      0.72772981
1698	   0.000	      0.72979741	      0.72979741
1699	   0.000	      0.72922884	      0.72922884
1700	   0.000	      0.72493922	      0.72493922
1701	   0.000	      0.72391541	      0.72391541
1702	   0.000	      0.72354737	      0.72354737
1703	   0.000	      0.72120458	      0.72120458
1704	   0.000	      0.71927899	      0.71927899
1705	   0.000	      0.72247706	      0.72247706
1706	   0.000	      0.71757209	      0.71757209
1707	   0.000	      0.71887232	      0.71887232
1708	   0.000	      0.72143979	      0.72143979
1709	   0.000	      0.71491183	      0.71491183
1710	   0.000	      0.71358000	      0.71358000
1711	   0.000	      0.71605820	      0.71605820
1712	   0.000	      0.71676266	      0.71676266
1713	   0.000	      0.71279992	      0.71279992
1714	   0.000	      0.71640608	      0.71640608
1715	   0.000	      0.71792258	      0.71792258
1716	   0.000	      0.71719110	      0.71719110
1717	   0.000	      0.71936628	      0.71936628
1718	   0.000	      0.71733592	      0.71733592
1719	   0.000	      0.72269348	      0.72269348
1720	   0.000	      0.72559221	      0.72559221
1721	   0.000	      0.72156467	      0.72156467
1722	   0.000	      0.71479078	      0.71479078
1723	   0.000	      0.71143297	      0.71143297
1724	   0.000	      0.71445457	      0.71445457
1725	   0.000	      0.71526594	      0.71526594
1726	   0.000	      0.71228230	      0.71228230
1727	   0.000	      0.70634247	      0.70634247
1728	   0.000	      0.70284661	      0.70284661
1729	   0.000	      0.70674006	      0.70674006
1730	   0.000	      0.70242321	      0.70242321
1731	   0.000	      0.69666055	      0.69666055
1732	   0.000	      0.70015057	      0.70015057
1733	   0.000	      0.70232508	      0.70232508
1734	   0.000	      0.69429058	      0.69429058
1735	   0.000	      0.70417253	      0.70417253
1736	   0.000	      0.70153602	      0.70153602
1737	   0.000	      0.70685321	      0.70685321
1738	   0.000	      0.70516772	      0.70516772
1739	   0.000	      0.70903212	      0.70903212
1740	   0.000	      0.71301451	      0.71301451
1741	   0.000	      0.71569540	      0.71569540
1742	   0.000	      0.70606753	      0.70606753
1743	   0.000	      0.70927371	      0.70927371
1744	   0.000	      0.71085644	      0.71085644
1745	   0.000	      0.70556975	      0.70556975
1746	   0.000	      0.69738120	      0.69738120
1747	   0.000	      0.69541060	      0.69541060
1748	   0.000	      0.68314192	      0.68314192
1749	   0.000	      0.68424159	      0.68424159
1750	   0.000	      0.68007888	      0.68007888
1751	   0.000	      0.68462511	      0.68462511
1752	   0.000	      0.68098378	      0.68098378
1753	   0.000	      0.68687787	      0.68687787
1754	   0.000	      0.68686846	      0.68686846
1755	   0.000	      0.68828637	      0.68828637
1756	   0.000	      0.68572512	      0.68572512
1757	   0.000	      0.68394247	      0.68394247
1758	   0.000	      0.68242203	      0.68242203
1759	   0.000	      0.68643352	      0.68643352
1760	   0.000	      0.68644090	      0.68644090
1761	   0.000	      0.68789161	      0.68789161
1762	   0.000	      0.69159478	      0.69159478
1763	   0.000	      0.69503569	      0.69503569
1764	   0.000	      0.69675846	      0.69675846
1765	   0.000	      0.69632939	      0.69632939
1766	   0.000	      0.68598838	      0.64651369
1767	   0.000	      0.64654839	      0.64654839
1768	   0.000	      0.68126145	      0.68126145
1769	   0.000	      0.68835060	      0.68835060
1770	   0.000	      0.64806480	      0.64806480
1771	   0.000	      0.64946601	      0.64946601
1772	   0.000	      0.64872483	      0.64872483
1773	   0.000	      0.64756671	      0.64756671
1774	   0.000	      0.64693270	      0.64693270
1775	   0.000	      0.64642646	      0.64642646
1776	   0.000	      0.68162789	      0.68162789
1777	   0.000	      0.68001412	      0.68001412
1778	   0.000	      0.67835382	      0.67835382
1779	   0.000	      0.68435908	      0.68435908
1780	   0.000	      0.68179287	      0.68179287
1781	   0.000	      0.68496432	      0.68496432
1782	   0.000	      0.68299642	      0.68299642
1783	   0.000	      0.68722421	      0.68722421
1784	   0.000	      0.68828887	      0.68828887
1785	   0.000	      0.68734997	      0.68734997
1786	   0.000	      0.68719274	      0.68719274
1787	   0.000	      0.68942256	      0.68942256
1788	   0.000	      0.69010951	      0.69010951
1789	   0.000	      0.68884240	      0.68884240
1790	   0.000	      0.69612966	      0.69612966
1791	   0.000	      0.68416105	      0.68416105
1792	   0.000	      0.68146259	      0.68146259
1793	   0.000	      0.68427865	      0.68427865
1794	   0.000	      0.69061529	      0.69061529
1795	   0.000	      0.69252870	      0.69252870
1796	   0.000	      0.69406174	      0.69406174
1797	   0.000	      0.70164837	      0.70164837
1798	   0.000	      0.70491252	      0.70491252
1799	   0.000	      0.70526995	      0.70526995
1800	   0.000	      0.70144307	      0.70144307
1801	   0.000	      0.70212473	      0.70212473
1802	   0.000	      0.70289047	      0.70289047
1803	   0.000	      0.70617796	      0.70617796
1804	   0.000	      0.70627548	      0.70627548
1805	   0.000	      0.70953755	      0.70953755
1806	   0.000	      0.71009840	      0.71009840
1807	   0.000	      0.70841037	      0.70841037
1808	   0.000	      0.70286473	      0.70286473
1809	   0.000	      0.70525140	      0.70525140
1810	   0.000	      0.70457051	      0.70457051
1811	   0.000	      0.70534846	      0.70534846
1812	   0.000	      0.70555640	      0.70555640
1813	   0.000	      0.70564927	      0.70564927
1814	   0.000	      0.70259206	      0.70259206
1815	   0.000	      0.70372755	      0.70372755
1816	   0.000	      0.69416299	      0.69416299
1817	   0.000	      0.67323393	      0.67082196
1818	   0.000	      0.68895013	      0.64806234
1819	   0.000	      0.69679597	      0.64846199
1820	   0.000	      0.70522571	      0.65270353
1821	   0.000	      0.70596802	      0.65293119
1822	   0.000	      0.70951449	      0.65188359
1823	   0.000	      0.72181966	      0.64978815
1824	   0.000	      0.71374027	      0.64954170
1825	   0.000	      0.70936109	      0.65012870
1826	   0.000	      0.71438908	      0.65062943
1827	   0.000	      0.71876534	      0.65016545
1828	   0.000	      0.71674063	      0.65158280
1829	   0.000	      0.72273869	      0.65423586
1830	   0.000	      0.71769745	      0.65177717
1831	   0.000	      0.71404765	      0.65149594
1832	   0.000	      0.70269246	      0.65061277
1833	   0.000	      0.71324944	      0.65131133
1834	   0.000	      0.71577794	      0.64800026
1835	   0.000	      0.71830912	      0.64682290
1836	   0.000	      0.71798503	      0.64633682
1837	   0.000	      0.71452638	      0.64641925
1838	   0.000	      0.71008009	      0.64440880
1839	   0.000	      0.70424120	      0.64601193
1840	   0.000	      0.70518823	      0.64398881
1841	   0.000	      0.70739165	      0.64412471
1842	   0.000	      0.70044135	      0.63873553
1843	   0.000	      0.69785736	      0.64038784
1844	   0.000	      0.70352074	      0.64048724
1845	   0.000	      0.70937144	      0.64172678
1846	   0.000	      0.70647753	      0.64004694
1847	   0.000	      0.71241737	      0.63805119
1848	   0.000	      0.71608621	      0.64006825
1849	   0.000	      0.71426471	      0.63988428
1850	   0.000	      0.71524939	      0.64084843
1851	   0.000	      0.70329343	      0.64436558
1852	   0.000	      0.70638032	      0.64227204
1853	   0.000	      0.70855561	      0.63858905
1854	   0.000	      0.69686052	      0.63548634
1855	   0.000	      0.69739686	      0.63632208
1856	   0.000	      0.69358570	      0.63425718
1857	   0.000	      0.69232606	      0.63374866
1858	   0.000	      0.69159788	      0.65344651
1859	   0.000	      0.69781808	      0.65456729
1860	   0.000	      0.70533271	      0.64258877
1861	   0.000	      0.71875376	      0.64074800
1862	   0.000	      0.70880620	      0.64085200
1863	   0.000	      0.71115972	      0.63989979
1864	   0.000	      0.71054354	      0.63943016
1865	   0.000	      0.70888964	      0.63396335
1866	   0.000	      0.70300689	      0.64118777
1867	   0.000	      0.70497670	      0.64107920
1868	   0.000	      0.70859596	      0.62526560
1869	   0.000	      0.70702512	      0.62557062
1870	   0.000	      0.69588334	      0.62899812
1871	   0.000	      0.70123179	      0.63328543
1872	   0.000	      0.70411981	      0.62864423
1873	   0.000	      0.69898191	      0.62644584
1874	   0.000	      0.70020948	      0.63224875
1875	   0.000	      0.69808044	      0.63114247
1876	   0.000	      0.68934812	      0.63230734
1877	   0.000	      0.69579573	      0.63440871
1878	   0.000	      0.69608988	      0.63249147
1879	   0.000	      0.69406966	      0.63888167
1880	   0.000	      0.70083816	      0.63707824
1881	   0.000	      0.69531281	      0.63436337
1882	   0.000	      0.68685332	      0.63357632
1883	   0.000	      0.69405859	      0.63089563
1884	   0.000	      0.69355399	      0.62355034
1885	   0.000	      0.69641979	      0.62690514
1886	   0.000	      0.70473051	      0.62695310
1887	   0.000	      0.69545783	      0.62698421
1888	   0.000	      0.68568304	      0.63039830
1889	   0.000	      0.69051241	      0.63390800
1890	   0.000	      0.67820860	      0.63271615
1891	   0.000	      0.66428114	      0.63199119
1892	   0.000	      0.67352660	      0.63429505
1893	   0.000	      0.66848269	      0.63246508
1894	   0.000	      0.67226352	      0.62871606
1895	   0.000	      0.66944940	      0.63950909
1896	   0.000	      0.67699919	      0.64177065
1897	   0.000	      0.67565811	      0.64126032
1898	   0.000	      0.68170920	      0.64110318
1899	   0.000	      0.67103498	      0.64109867
1900	   0.000	      0.66778721	      0.63475689
1901	   0.000	      0.66698836	      0.63576998
1902	   0.000	      0.65483703	      0.63440772
1903	   0.000	      0.65292486	      0.63635555
1904	   0.000	      0.65360713	      0.64114012
1905	   0.000	      0.63929255	      0.63929255
1906	   0.000	      0.64002272	      0.64002272
1907	   0.000	      0.62879641	      0.62879641
1908	   0.000	      0.62704952	      0.62704952
1909	   0.000	      0.63167081	      0.63167081
1910	   0.000	      0.63253364	      0.63253364
1911	   0.000	      0.63456984	      0.63456984
1912	   0.000	      0.63390143	      0.63390143
1913	   0.000	      0.63953240	      0.63953240
1914	   0.000	      0.63990465	      0.63990465
1915	   0.000	      0.63924161	      0.63924161
1916	   0.000	      0.64270535	      0.64270535
1917	   0.000	      0.64315979	      0.64315979
1918	   0.000	      0.64585187	      0.64585187
1919	   0.000	      0.64603411	      0.64603411
1920	   0.000	      0.64853576	      0.64853576
1921	   0.000	      0.64938815	      0.64938815
1922	   0.000	      0.64743860	      0.64743860
1923	   0.000	      0.64883486	      0.64883486
1924	   0.000	      0.65243589	      0.65243589
1925	   0.000	      0.65195157	      0.65195157
1926	   0.000	      0.65240840	      0.65240840
1927	   0.000	      0.65291610	      0.65291610
1928	   0.000	      0.65221826	      0.65221826
1929	   0.000	      0.65528310	      0.65528310
1930	   0.000	      0.65173592	      0.65173592
1931	   0.000	      0.64964204	      0.64964204
1932	   0.000	      0.64650342	      0.64650342
1933	   0.000	      0.65051587	      0.65051587
1934	   0.000	      0.65184653	      0.65184653
1935	   0.000	      0.65394296	      0.65394296
1936	   0.000	      0.65628037	      0.65628037
1937	   0.000	      0.65346148	      0.65346148
1938	   0.000	      0.65561627	      0.65561627
1939	   0.000	      0.65525395	      0.65525395
1940	   0.000	      0.66124125	      0.66124125
1941	   0.000	      0.67233183	      0.67233183
1942	   0.000	      0.67163928	      0.67163928
1943	   0.000	      0.67558590	      0.67558590
1944	   0.000	      0.67094536	      0.67094536
1945	   0.000	      0.67212650	      0.67212650
1946	   0.000	      0.67546603	      0.67546603
1947	   0.000	      0.67572568	      0.67572568
1948	   0.000	      0.67890832	      0.67890832
1949	   0.000	      0.67592098	      0.67592098
1950	   0.000	      0.67852354	      0.67852354
1951	   0.000	      0.67939444	      0.67939444
1952	   0.000	      0.67757245	      0.67757245
1953	   0.000	      0.68246452	      0.68246452
1954	   0.000	      0.68678185	      0.68678185
1955	   0.000	      0.69100364	      0.69100364
1956	   0.000	      0.69692645	      0.69692645
1957	   0.000	      0.69112808	      0.69112808
1958	   0.000	      0.68993725	      0.68993725
1959	   0.000	      0.68273818	      0.68273818
1960	   0.000	      0.67263988	      0.67263988
1961	   0.000	      0.67501606	      0.67501606
1962	   0.000	      0.66478523	      0.66478523
1963	   0.000	      0.67207207	      0.67207207
1964	   0.000	      0.66139039	      0.66139039
1965	   0.000	      0.66134563	      0.66134563
1966	   0.000	      0.65935477	      0.65935477
1967	   0.000	      0.66016625	      0.66016625
1968	   0.000	      0.66570022	      0.66570022
1969	   0.000	      0.66600510	      0.66600510
1970	   0.000	      0.66568808	      0.66568808
1971	   0.000	      0.66744872	      0.66744872
1972	   0.000	      0.66744935	      0.66744935
1973	   0.000	      0.65664436	      0.65664436
1974	   0.000	      0.65997196	      0.65997196
1975	   0.000	      0.66113149	      0.66113149
1976	   0.000	      0.66378181	      0.66378181
1977	   0.000	      0.66344507	      0.66344507
1978	   0.000	      0.66372553	      0.66372553
1979	   0.000	      0.66313876	      0.66313876
1980	   0.000	      0.66352354	      0.66352354
1981	   0.000	      0.66351115	      0.66351115
1982	   0.000	      0.66374807	      0.66374807
1983	   0.000	      0.66316781	      0.66316781
1984	   0.000	      0.65836429	      0.65836429
1985	   0.000	      0.64993487	      0.64993487
1986	   0.000	      0.65125866	      0.65125866
